0 0.654760109782219 [0.654760109782219]
10 0.6195925936102867 [0.654760109782219, 0.6195925936102867]
20 0.6443942445516586 [0.654760109782219, 0.6195925936102867, 0.6443942445516586]
30 0.6494484895467758 [0.654760109782219, 0.6195925936102867, 0.6443942445516586, 0.6494484895467758]
40 0.6379206106066705 [0.654760109782219, 0.6195925936102867, 0.6443942445516586, 0.6494484895467758, 0.6379206106066705]
50 0.7184167891740798 [0.654760109782219, 0.6195925936102867, 0.6443942445516586, 0.6494484895467758, 0.6379206106066705, 0.7184167891740798]
60 0.6265961080789566 [0.654760109782219, 0.6195925936102867, 0.6443942445516586, 0.6494484895467758, 0.6379206106066705, 0.7184167891740798, 0.6265961080789566]
70 0.7239996069669724 [0.654760109782219, 0.6195925936102867, 0.6443942445516586, 0.6494484895467758, 0.6379206106066705, 0.7184167891740798, 0.6265961080789566, 0.7239996069669724]
80 0.6420007354021073 [0.654760109782219, 0.6195925936102867, 0.6443942445516586, 0.6494484895467758, 0.6379206106066705, 0.7184167891740798, 0.6265961080789566, 0.7239996069669724, 0.6420007354021073]
90 0.6892623728513717 [0.654760109782219, 0.6195925936102867, 0.6443942445516586, 0.6494484895467758, 0.6379206106066705, 0.7184167891740798, 0.6265961080789566, 0.7239996069669724, 0.6420007354021073, 0.6892623728513717]
0 0.6451223433017732 [0.6451223433017732]
10 0.6333194717764854 [0.6451223433017732, 0.6333194717764854]
20 0.6183411276340485 [0.6451223433017732, 0.6333194717764854, 0.6183411276340485]
30 0.6408418652415275 [0.6451223433017732, 0.6333194717764854, 0.6183411276340485, 0.6408418652415275]
40 0.6404790583252906 [0.6451223433017732, 0.6333194717764854, 0.6183411276340485, 0.6408418652415275, 0.6404790583252906]
50 0.700521692633629 [0.6451223433017732, 0.6333194717764854, 0.6183411276340485, 0.6408418652415275, 0.6404790583252906, 0.700521692633629]
60 0.6132866549491882 [0.6451223433017732, 0.6333194717764854, 0.6183411276340485, 0.6408418652415275, 0.6404790583252906, 0.700521692633629, 0.6132866549491882]
70 0.6305654680728914 [0.6451223433017732, 0.6333194717764854, 0.6183411276340485, 0.6408418652415275, 0.6404790583252906, 0.700521692633629, 0.6132866549491882, 0.6305654680728914]
80 0.6364886870980262 [0.6451223433017732, 0.6333194717764854, 0.6183411276340485, 0.6408418652415275, 0.6404790583252906, 0.700521692633629, 0.6132866549491882, 0.6305654680728914, 0.6364886870980262]
90 0.7110888212919234 [0.6451223433017732, 0.6333194717764854, 0.6183411276340485, 0.6408418652415275, 0.6404790583252906, 0.700521692633629, 0.6132866549491882, 0.6305654680728914, 0.6364886870980262, 0.7110888212919234]
0 0.6512235334515571 [0.6512235334515571]
10 0.6610499510169029 [0.6512235334515571, 0.6610499510169029]
20 0.6297657746076584 [0.6512235334515571, 0.6610499510169029, 0.6297657746076584]
30 0.6219263526797294 [0.6512235334515571, 0.6610499510169029, 0.6297657746076584, 0.6219263526797294]
40 0.6645317459106445 [0.6512235334515571, 0.6610499510169029, 0.6297657746076584, 0.6219263526797294, 0.6645317459106445]
50 0.6217650446295739 [0.6512235334515571, 0.6610499510169029, 0.6297657746076584, 0.6219263526797294, 0.6645317459106445, 0.6217650446295739]
60 0.6398741912841797 [0.6512235334515571, 0.6610499510169029, 0.6297657746076584, 0.6219263526797294, 0.6645317459106445, 0.6217650446295739, 0.6398741912841797]
70 0.6568300518393517 [0.6512235334515571, 0.6610499510169029, 0.6297657746076584, 0.6219263526797294, 0.6645317459106445, 0.6217650446295739, 0.6398741912841797, 0.6568300518393517]
80 0.6210744160413741 [0.6512235334515571, 0.6610499510169029, 0.6297657746076584, 0.6219263526797294, 0.6645317459106445, 0.6217650446295739, 0.6398741912841797, 0.6568300518393517, 0.6210744160413741]
90 0.6153619769215584 [0.6512235334515571, 0.6610499510169029, 0.6297657746076584, 0.6219263526797294, 0.6645317459106445, 0.6217650446295739, 0.6398741912841797, 0.6568300518393517, 0.6210744160413741, 0.6153619769215584]
0 0.6612470012903213 [0.6612470012903213]
10 0.6389735928177833 [0.6612470012903213, 0.6389735928177833]
20 0.6449624633789063 [0.6612470012903213, 0.6389735928177833, 0.6449624633789063]
30 0.6248602277040481 [0.6612470012903213, 0.6389735928177833, 0.6449624633789063, 0.6248602277040481]
40 0.6382807192206383 [0.6612470012903213, 0.6389735928177833, 0.6449624633789063, 0.6248602277040481, 0.6382807192206383]
50 0.6223291400074958 [0.6612470012903213, 0.6389735928177833, 0.6449624633789063, 0.6248602277040481, 0.6382807192206383, 0.6223291400074958]
60 0.615014860332012 [0.6612470012903213, 0.6389735928177833, 0.6449624633789063, 0.6248602277040481, 0.6382807192206383, 0.6223291400074958, 0.615014860332012]
70 0.6315150517225266 [0.6612470012903213, 0.6389735928177833, 0.6449624633789063, 0.6248602277040481, 0.6382807192206383, 0.6223291400074958, 0.615014860332012, 0.6315150517225266]
