0 0.654760109782219 [0.654760109782219]
10 0.6195925936102867 [0.654760109782219, 0.6195925936102867]
20 0.6443942445516586 [0.654760109782219, 0.6195925936102867, 0.6443942445516586]
30 0.6494484895467758 [0.654760109782219, 0.6195925936102867, 0.6443942445516586, 0.6494484895467758]
40 0.6379206106066705 [0.654760109782219, 0.6195925936102867, 0.6443942445516586, 0.6494484895467758, 0.6379206106066705]
50 0.7184167891740798 [0.654760109782219, 0.6195925936102867, 0.6443942445516586, 0.6494484895467758, 0.6379206106066705, 0.7184167891740798]
60 0.6265961080789566 [0.654760109782219, 0.6195925936102867, 0.6443942445516586, 0.6494484895467758, 0.6379206106066705, 0.7184167891740798, 0.6265961080789566]
70 0.7239996069669724 [0.654760109782219, 0.6195925936102867, 0.6443942445516586, 0.6494484895467758, 0.6379206106066705, 0.7184167891740798, 0.6265961080789566, 0.7239996069669724]
80 0.6420007354021073 [0.654760109782219, 0.6195925936102867, 0.6443942445516586, 0.6494484895467758, 0.6379206106066705, 0.7184167891740798, 0.6265961080789566, 0.7239996069669724, 0.6420007354021073]
90 0.6892623728513717 [0.654760109782219, 0.6195925936102867, 0.6443942445516586, 0.6494484895467758, 0.6379206106066705, 0.7184167891740798, 0.6265961080789566, 0.7239996069669724, 0.6420007354021073, 0.6892623728513717]
