(5000, 150, 0.01, 1e-05, 0.8) ('weight_decay', 'U') 9003.608520107271
(5000, 150, 0.01, 0.001, 0.8) ('n_epochs', 'S') 9005.550975875856
(5000, 150, 0.01, 0.001, 0.8) ('n_epochs', 'S') 17610.544280697257
(5000, 150, 0.01, 0.001, 0.8) ('n_epochs', 'S') 25821.319295016256
(5000, 150, 0.01, 0.001, 0.8) ('n_epochs', 'S') 33659.7818489474
(5000, 150, 0.01, 0.001, 0.8) ('n_epochs', 'S') 41147.61643981932
(5000, 150, 0.01, 0.001, 0.8) ('n_epochs', 'S') 48305.71790788649
(5000, 150, 0.01, 0.001, 0.8) ('n_epochs', 'S') 55141.23488687122
(5000, 150, 0.01, 0.001, 0.8) ('n_epochs', 'S') 61660.189122832075
(5000, 150, 0.01, 0.001, 0.8) ('n_epochs', 'S') 67893.85474779886
(5000, 150, 0.01, 0.001, 0.8) ('n_epochs', 'S') 73839.2184304301
(5000, 150, 0.01, 0.001, 0.8) ('n_epochs', 'S') 70518.70250950898
(5000, 150, 0.01, 0.001, 0.8) ('n_epochs', 'S') 76349.92522239055
(5000, 150, 0.01, 0.001, 0.8) ('n_epochs', 'S') 81918.66942066544
(5000, 150, 0.01, 0.001, 0.8) ('n_epochs', 'S') 87238.83446898815
(5000, 150, 0.01, 0.001, 0.8) ('n_epochs', 'S') 92316.26400519065
(5000, 150, 0.01, 0.001, 0.8) ('n_epochs', 'S') 97166.1184811201
(5000, 150, 0.01, 0.001, 0.8) ('n_epochs', 'S') 101797.44304570992
(5000, 150, 0.01, 0.001, 0.8) ('n_epochs', 'S') 97218.76173068419
(5000, 150, 0.01, 0.001, 0.8) ('n_epochs', 'S') 101845.01958321645
(5000, 150, 0.01, 0.001, 0.8) ('n_epochs', 'S') 106267.49197296017
(5000, 150, 0.01, 0.001, 0.8) ('n_epochs', 'S') 101487.68520856088
(5000, 150, 0.01, 0.001, 0.8) ('n_epochs', 'S') 105921.61351682243
(5000, 150, 0.01, 0.001, 0.8) ('n_epochs', 'S') 110158.3008297347
(5000, 150, 0.01, 0.001, 0.8) ('n_epochs', 'S') 114209.84808020791
(5000, 150, 0.01, 0.001, 0.8) ('n_epochs', 'S') 116358.28977254705
(5000, 150, 0.01, 0.001, 0.8) ('n_epochs', 'S') 118456.75703775868
(5000, 150, 0.01, 0.001, 0.8) ('batch_size', 'U') 2.158056592941284
(10000, 150, 0.01, 0.001, 0.8) ('batch_size', 'D') 61268.79876625233
(5000, 150, 0.01, 0.001, 0.8) ('n_epochs', 'S') 115496.55808156417
(5000, 150, 0.01, 0.001, 0.8) ('n_epochs', 'S') 117615.58814264381
(5000, 150, 0.01, 0.001, 0.8) ('n_epochs', 'S') 119681.5157923263
(5000, 150, 0.01, 0.001, 0.8) ('n_epochs', 'S') 116690.61657249258
(5000, 150, 0.01, 0.001, 0.8) ('n_epochs', 'S') 118773.68927148823
(5000, 150, 0.01, 0.001, 0.8) ('n_epochs', 'S') 115805.53098738339
(5000, 150, 0.01, 0.001, 0.8) ('n_epochs', 'S') 117915.09746228301
(5000, 150, 0.01, 0.001, 0.8) ('n_epochs', 'S') 119969.94411296424
(5000, 150, 0.01, 0.001, 0.8) ('n_epochs', 'S') 121975.07988475866
(5000, 150, 0.01, 0.001, 0.8) ('n_epochs', 'S') 123927.52128230064
(5000, 150, 0.01, 0.001, 0.8) ('n_epochs', 'S') 125831.83352204031
(5000, 150, 0.01, 0.001, 0.8) ('n_epochs', 'S') 122687.2771086948
(5000, 150, 0.01, 0.001, 0.8) ('n_epochs', 'S') 124621.92728470667
(5000, 150, 0.01, 0.001, 0.8) ('n_epochs', 'S') 126512.44760644567
(5000, 150, 0.01, 0.001, 0.8) ('n_epochs', 'S') 128351.77190765568
(5000, 150, 0.01, 0.001, 0.8) ('n_epochs', 'S') 130147.14621576873
(5000, 150, 0.01, 0.001, 0.8) ('n_epochs', 'S') 131893.7448769448
(5000, 150, 0.01, 0.001, 0.8) ('n_epochs', 'S') 133598.70542753706
(5000, 150, 0.01, 0.001, 0.8) ('n_epochs', 'S') 130259.92808146522
(5000, 150, 0.01, 0.001, 0.8) ('n_epochs', 'S') 132004.33632302447
(5000, 150, 0.01, 0.001, 0.8) ('n_epochs', 'S') 133706.76990999738
(5000, 150, 0.01, 0.001, 0.8) ('n_epochs', 'S') 134701.51177708455
(5000, 150, 0.01, 0.001, 0.8) ('n_epochs', 'S') 135681.4410562236
(5000, 150, 0.01, 0.001, 0.8) ('n_epochs', 'S') 136647.13577596296
(5000, 150, 0.01, 0.001, 0.8) ('n_epochs', 'S') 137598.39925552835
(5000, 150, 0.01, 0.001, 0.8) ('n_epochs', 'S') 135535.1620255932
(5000, 150, 0.01, 0.001, 0.8) ('n_epochs', 'S') 136504.0758922636
(5000, 150, 0.01, 0.001, 0.8) ('n_epochs', 'S') 137457.7610011712
(5000, 150, 0.01, 0.001, 0.8) ('n_epochs', 'S') 138398.75069529592
(5000, 150, 0.01, 0.001, 0.8) ('n_epochs', 'S') 139324.91475861982
(5000, 150, 0.01, 0.001, 0.8) ('n_epochs', 'S') 140238.4309059768
(5000, 150, 0.01, 0.001, 0.8) ('n_epochs', 'S') 138135.59321559005
(5000, 150, 0.01, 0.001, 0.8) ('n_epochs', 'S') 139063.7695167123
(5000, 150, 0.01, 0.001, 0.8) ('n_epochs', 'S') 139978.62488220667
(5000, 150, 0.01, 0.001, 0.8) ('n_epochs', 'S') 137879.6933426785
(5000, 150, 0.01, 0.001, 0.8) ('n_epochs', 'S') 138814.92375287542
(5000, 150, 0.01, 0.001, 0.8) ('n_epochs', 'S') 139734.4693534457
(5000, 150, 0.01, 0.001, 0.8) ('n_epochs', 'S') 140641.7767359803
(5000, 150, 0.01, 0.001, 0.8) ('n_epochs', 'S') 138532.88949650922
(5000, 150, 0.01, 0.001, 0.8) ('n_epochs', 'S') 139458.45804180266
(5000, 150, 0.01, 0.001, 0.8) ('n_epochs', 'S') 140368.77799334205
(5000, 150, 0.01, 0.001, 0.8) ('n_epochs', 'S') 141265.5017965788
(5000, 150, 0.01, 0.001, 0.8) ('n_epochs', 'S') 142148.13101260347
(5000, 150, 0.01, 0.001, 0.8) ('n_epochs', 'S') 143015.92755823288
(5000, 150, 0.01, 0.001, 0.8) ('n_epochs', 'S') 140871.41857571324
(5000, 150, 0.01, 0.001, 0.8) ('n_epochs', 'S') 141759.46569240605
(5000, 150, 0.01, 0.001, 0.8) ('n_epochs', 'S') 141050.9086093578
(5000, 150, 0.01, 0.001, 0.8) ('n_epochs', 'S') 141346.32214616408
(5000, 150, 0.01, 0.001, 0.8) ('n_epochs', 'S') 141639.91904762504
(5000, 150, 0.01, 0.001, 0.8) ('n_epochs', 'S') 140931.9674964724
(5000, 150, 0.01, 0.001, 0.8) ('n_epochs', 'S') 140227.55283788027
(5000, 150, 0.01, 0.001, 0.8) ('n_epochs', 'S') 139526.6617093186
(5000, 150, 0.01, 0.001, 0.8) ('n_epochs', 'S') 138829.26737064638
(5000, 150, 0.01, 0.001, 0.8) ('n_epochs', 'S') 139135.24700940197
(5000, 150, 0.01, 0.001, 0.8) ('n_epochs', 'S') 139440.12697628976
(5000, 150, 0.01, 0.001, 0.8) ('n_epochs', 'S') 139744.50768362862
(5000, 150, 0.01, 0.001, 0.8) ('n_epochs', 'S') 140046.24061529562
(5000, 150, 0.01, 0.001, 0.8) ('n_epochs', 'S') 140347.01312582692
(5000, 150, 0.01, 0.001, 0.8) ('n_epochs', 'S') 140645.66164708135
(5000, 150, 0.01, 0.001, 0.8) ('n_epochs', 'S') 140942.66922541973
(5000, 150, 0.01, 0.001, 0.8) ('n_epochs', 'S') 140238.20206371322
(5000, 150, 0.01, 0.001, 0.8) ('n_epochs', 'S') 140537.27394087252
(5000, 150, 0.01, 0.001, 0.8) ('n_epochs', 'S') 140835.156349683
(5000, 150, 0.01, 0.001, 0.8) ('n_epochs', 'S') 141131.4278721834
(5000, 150, 0.01, 0.001, 0.8) ('n_epochs', 'S') 141426.17869800577
(5000, 150, 0.01, 0.001, 0.8) ('n_epochs', 'S') 141719.97456852713
(5000, 150, 0.01, 0.001, 0.8) ('n_epochs', 'S') 142011.65832557876
(5000, 150, 0.01, 0.001, 0.8) ('n_epochs', 'S') 142301.87740535743
(5000, 150, 0.01, 0.001, 0.8) ('n_epochs', 'S') 142591.14553231152
(5000, 150, 0.01, 0.001, 0.8) ('n_epochs', 'S') 142878.29801807465
(5000, 150, 0.01, 0.001, 0.8) ('n_epochs', 'S') 143164.19963501705
