(5000, 10, 0.0001, 0.001, 0.3) ('lr', 'U') 43.17485816955543
(5000, 10, 0.01, 0.001, 0.3) ('lr', 'D') 35.46014708881856
(5000, 10, 0.0001, 0.001, 0.3) ('lr', 'U') 70.44958173628139
(5000, 10, 0.01, 0.001, 0.3) ('lr', 'D') 62.473017918206324
(5000, 10, 0.0001, 0.001, 0.3) ('lr', 'U') 94.94965672413254
(5000, 10, 0.01, 0.001, 0.3) ('weight_decay', 'D') 17.55064256668067
(5000, 10, 0.01, 1e-05, 0.3) ('n_epochs', 'S') 2.165995038740898
(5000, 10, 0.01, 1e-05, 0.3) ('n_epochs', 'S') 4.902826256870364
(5000, 10, 0.01, 1e-05, 0.3) ('n_epochs', 'S') 8.050796105950607
(5000, 10, 0.01, 1e-05, 0.3) ('n_epochs', 'S') 15.06432758007175
(5000, 10, 0.01, 1e-05, 0.3) ('n_epochs', 'S') 19.561229420236593
(5000, 10, 0.01, 1e-05, 0.3) ('n_epochs', 'S') 38.70716199305422
(5000, 10, 0.01, 1e-05, 0.3) ('n_epochs', 'S') 48.183689636990806
(5000, 10, 0.01, 1e-05, 0.3) ('n_epochs', 'U') 3.1541539001462446
(5000, 100, 0.01, 1e-05, 0.3) ('lr', 'U') 2.1343226571747853
(5000, 100, 0.1, 1e-05, 0.3) ('n_epochs', 'D') 5.748386459350346
(5000, 10, 0.1, 1e-05, 0.3) ('lr', 'D') 58.3298972757353
(5000, 10, 0.01, 1e-05, 0.3) ('n_epochs', 'S') 49.080394573479786
(5000, 10, 0.01, 1e-05, 0.3) ('n_epochs', 'S') 50.5649211391146
(5000, 10, 0.01, 1e-05, 0.3) ('n_epochs', 'S') 64.66949264973775
(5000, 10, 0.01, 1e-05, 0.3) ('n_epochs', 'S') 62.948787039210174
(5000, 10, 0.01, 1e-05, 0.3) ('n_epochs', 'S') 62.97238673124063
(5000, 10, 0.01, 1e-05, 0.3) ('n_epochs', 'S') 61.09270180376791
(5000, 10, 0.01, 1e-05, 0.3) ('n_epochs', 'S') 68.86075071972945
(5000, 10, 0.01, 1e-05, 0.3) ('n_epochs', 'S') 66.98091326214747
(5000, 10, 0.01, 1e-05, 0.3) ('n_epochs', 'S') 65.97444629881937
(5000, 10, 0.01, 1e-05, 0.3) ('n_epochs', 'S') 64.95903334629521
(5000, 10, 0.01, 1e-05, 0.3) ('n_epochs', 'S') 72.94854761731298
(5000, 10, 0.01, 1e-05, 0.3) ('n_epochs', 'S') 81.77991519900527
(5000, 10, 0.01, 1e-05, 0.3) ('n_epochs', 'S') 86.5078520304863
(5000, 10, 0.01, 1e-05, 0.3) ('n_epochs', 'S') 90.13143159337147
(5000, 10, 0.01, 1e-05, 0.3) ('n_epochs', 'S') 98.37527476700751
(5000, 10, 0.01, 1e-05, 0.3) ('n_epochs', 'S') 101.185396491277
(5000, 10, 0.01, 1e-05, 0.3) ('n_epochs', 'S') 106.60210976930256
(5000, 10, 0.01, 1e-05, 0.3) ('n_epochs', 'S') 105.13198710166898
(5000, 10, 0.01, 1e-05, 0.3) ('n_epochs', 'S') 109.20161632961418
(5000, 10, 0.01, 1e-05, 0.3) ('n_epochs', 'S') 107.1475703552998
(5000, 10, 0.01, 1e-05, 0.3) ('n_epochs', 'S') 106.69497152763054
(5000, 10, 0.01, 1e-05, 0.3) ('lr', 'D') -0.16065816612624095
(5000, 10, 0.0001, 1e-05, 0.3) ('n_epochs', 'U') 1.2593561457390607
(5000, 100, 0.0001, 1e-05, 0.3) ('lr', 'D') -2.228358491341884
(5000, 100, 1e-06, 1e-05, 0.3) ('n_epochs', 'S') -1.5711789984905997
(5000, 100, 1e-06, 1e-05, 0.3) ('weight_decay', 'D') -0.8899550094080211
(5000, 100, 1e-06, 1e-08, 0.3) ('dropout_param', 'U') -0.5485959191330188
(5000, 100, 1e-06, 1e-08, 0.5) ('n_epochs', 'D') -1.7737647667091863
(5000, 10, 1e-06, 1e-08, 0.5) ('dropout_param', 'U') -0.6033833614755486
(5000, 10, 1e-06, 1e-08, 0.8) ('n_epochs', 'S') -1.8706575844650906
(5000, 10, 1e-06, 1e-08, 0.8) ('dropout_param', 'D') -0.7406207242226706
(5000, 10, 1e-06, 1e-08, 0.5) ('dropout_param', 'D') -0.6204864799152197
(5000, 10, 1e-06, 1e-08, 0.3) ('lr', 'U') -0.0004383609656470888
(5000, 10, 0.0001, 1e-08, 0.3) ('dropout_param', 'U') 0.14607686262362163
(5000, 10, 0.0001, 1e-08, 0.5) ('n_epochs', 'S') 0.018997709451641476
(5000, 10, 0.0001, 1e-08, 0.5) ('lr', 'D') -0.5227353651237507
(5000, 10, 1e-06, 1e-08, 0.5) ('weight_decay', 'U') 0.03612836424515742
(5000, 10, 1e-06, 1e-05, 0.5) ('n_epochs', 'U') 0.030984060726873208
(5000, 100, 1e-06, 1e-05, 0.5) ('dropout_param', 'D') 0.03966331054451255
(5000, 100, 1e-06, 1e-05, 0.3) ('n_epochs', 'U') -1.0805148444798123
(5000, 150, 1e-06, 1e-05, 0.3) ('weight_decay', 'D') -0.27208212517645913
(5000, 150, 1e-06, 1e-08, 0.3) ('lr', 'U') 0.6321735394626649
(5000, 150, 0.0001, 1e-08, 0.3) ('n_epochs', 'U') 1.1254427132251328
(5000, 200, 0.0001, 1e-08, 0.3) ('dropout_param', 'U') 1.1072686486926122
(5000, 200, 0.0001, 1e-08, 0.5) ('n_epochs', 'S') 1.1369486028910614
(5000, 200, 0.0001, 1e-08, 0.5) ('n_epochs', 'S') 0.028142900714542618
(5000, 200, 0.0001, 1e-08, 0.5) ('weight_decay', 'U') 1.1325642633192827
(5000, 200, 0.0001, 1e-05, 0.5) ('lr', 'D') 0.023954309720348732
(5000, 200, 1e-06, 1e-05, 0.5) ('batch_size', 'U') -0.11702492438643897
(10000, 200, 1e-06, 1e-05, 0.5) ('lr', 'U') 0.920074327413431
(10000, 200, 0.0001, 1e-05, 0.5) ('batch_size', 'U') 0.2502377800821939
(20000, 200, 0.0001, 1e-05, 0.5) ('weight_decay', 'D') -0.49362089859306546
(20000, 200, 0.0001, 1e-08, 0.5) ('dropout_param', 'D') 0.005952769989784112
(20000, 200, 0.0001, 1e-08, 0.3) ('lr', 'U') 1.39264194792298
(20000, 200, 0.01, 1e-08, 0.3) ('lr', 'D') -0.26785524375098335
(20000, 200, 0.0001, 1e-08, 0.3) ('lr', 'U') 1.649574553224367
(20000, 200, 0.01, 1e-08, 0.3) ('weight_decay', 'U') 1.3914466961326653
(20000, 200, 0.01, 1e-05, 0.3) ('batch_size', 'D') 2.1157334899901548
(10000, 200, 0.01, 1e-05, 0.3) ('weight_decay', 'U') 3.5435467910766336
(10000, 200, 0.01, 0.001, 0.3) ('n_epochs', 'S') 3.7152081680297586
(10000, 200, 0.01, 0.001, 0.3) ('n_epochs', 'S') 7.189256886863655
(10000, 200, 0.01, 0.001, 0.3) ('n_epochs', 'S') 10.23412687135021
(10000, 200, 0.01, 0.001, 0.3) ('n_epochs', 'S') 12.700091380273461
(10000, 200, 0.01, 0.001, 0.3) ('n_epochs', 'S') 16.725977386537352
(10000, 200, 0.01, 0.001, 0.3) ('n_epochs', 'S') 21.165953799958643
(10000, 200, 0.01, 0.001, 0.3) ('n_epochs', 'S') 21.195662144877232
(10000, 200, 0.01, 0.001, 0.3) ('n_epochs', 'S') 23.991447750168444
(10000, 200, 0.01, 0.001, 0.3) ('n_epochs', 'S') 29.008726629734227
(10000, 200, 0.01, 0.001, 0.3) ('n_epochs', 'S') 31.507537614658037
(10000, 200, 0.01, 0.001, 0.3) ('n_epochs', 'S') 33.950223944681646
(10000, 200, 0.01, 0.001, 0.3) ('n_epochs', 'S') 37.02210242548311
(10000, 200, 0.01, 0.001, 0.3) ('n_epochs', 'S') 39.65513051275142
(10000, 200, 0.01, 0.001, 0.3) ('n_epochs', 'S') 43.376725713611705
(10000, 200, 0.01, 0.001, 0.3) ('n_epochs', 'S') 46.404571127096844
(10000, 200, 0.01, 0.001, 0.3) ('n_epochs', 'S') 48.73844001416763
(10000, 200, 0.01, 0.001, 0.3) ('n_epochs', 'S') 49.98072260276253
(10000, 200, 0.01, 0.001, 0.3) ('n_epochs', 'S') 52.789581540102695
(10000, 200, 0.01, 0.001, 0.3) ('n_epochs', 'S') 56.43537169621441
(10000, 200, 0.01, 0.001, 0.3) ('n_epochs', 'S') 59.44447510735611
(10000, 200, 0.01, 0.001, 0.3) ('n_epochs', 'S') 62.813088589210665
(10000, 200, 0.01, 0.001, 0.3) ('n_epochs', 'S') 65.012343592279
(10000, 200, 0.01, 0.001, 0.3) ('n_epochs', 'S') 68.60113265861933
(10000, 200, 0.01, 0.001, 0.3) ('n_epochs', 'S') 70.25294663643949
(5000, 250, 0.1, 1e-08, 0.5) ('dropout_param', 'D') 2.1609638382482723
(5000, 250, 0.1, 1e-08, 0.3) ('dropout_param', 'U') 3.0482039277329442
(5000, 250, 0.1, 1e-08, 0.5) ('lr', 'D') 22.962803916930913
(5000, 250, 0.01, 1e-08, 0.5) ('dropout_param', 'D') 2.164575247962059
(5000, 250, 0.01, 1e-08, 0.3) ('n_epochs', 'D') 23.034150676727055
(5000, 200, 0.01, 1e-08, 0.3) ('dropout_param', 'U') 7.742877082824466
(5000, 200, 0.01, 1e-08, 0.5) ('lr', 'D') 1.5460546791353036
(5000, 200, 0.0001, 1e-08, 0.5) ('dropout_param', 'D') 1.562347050874958
(5000, 200, 0.0001, 1e-08, 0.3) ('dropout_param', 'U') 1.992830811561645
(5000, 200, 0.0001, 1e-08, 0.5) ('dropout_param', 'D') 2.1901550593088883
(5000, 200, 0.0001, 1e-08, 0.3) ('dropout_param', 'U') 2.450033005637174
(5000, 200, 0.0001, 1e-08, 0.5) ('dropout_param', 'D') 2.6281975943955787
(5000, 200, 0.0001, 1e-08, 0.3) ('dropout_param', 'U') 2.0082952957477813
(5000, 200, 0.0001, 1e-08, 0.5) ('dropout_param', 'D') 2.4100727610904906
(5000, 200, 0.0001, 1e-08, 0.3) ('dropout_param', 'U') 2.9095715332439225
(5000, 200, 0.0001, 1e-08, 0.5) ('dropout_param', 'D') 0.15068986398013307
(5000, 200, 0.0001, 1e-08, 0.3) ('dropout_param', 'U') 1.6742766285469606
(5000, 200, 0.0001, 1e-08, 0.5) ('weight_decay', 'U') 1.376711476303635
(5000, 200, 0.0001, 1e-05, 0.5) ('dropout_param', 'U') 1.4242325522364498
(5000, 200, 0.0001, 1e-05, 0.8) ('lr', 'U') 1.8128901567682862
(5000, 200, 0.01, 1e-05, 0.8) ('batch_size', 'U') 1.8342107381504755
(10000, 200, 0.01, 1e-05, 0.8) ('lr', 'D') 0.30156279404537
(10000, 200, 0.0001, 1e-05, 0.8) ('n_epochs', 'S') -0.77574403626989
(10000, 200, 0.0001, 1e-05, 0.8) ('lr', 'D') -2.773296218054054
(10000, 200, 1e-06, 1e-05, 0.8) ('weight_decay', 'D') -3.3562268307843244
(10000, 200, 1e-06, 1e-08, 0.8) ('weight_decay', 'U') -0.6162921035499145
(10000, 200, 1e-06, 1e-05, 0.8) ('dropout_param', 'D') -0.8172963648700899
(10000, 200, 1e-06, 1e-05, 0.5) ('batch_size', 'U') -2.1037513063727586
(20000, 200, 1e-06, 1e-05, 0.5) ('lr', 'U') -0.8949065982955893
(20000, 200, 0.0001, 1e-05, 0.5) ('batch_size', 'D') -0.7800015915171747
(10000, 200, 0.0001, 1e-05, 0.5) ('n_epochs', 'U') 0.5381757858489337
(10000, 250, 0.0001, 1e-05, 0.5) ('n_epochs', 'S') 0.6616789442733498
(10000, 250, 0.0001, 1e-05, 0.5) ('dropout_param', 'U') 0.7606387345710587
(10000, 250, 0.0001, 1e-05, 0.8) ('lr', 'D') -1.5626721022904824
(10000, 250, 1e-06, 1e-05, 0.8) ('lr', 'U') -0.43563161380031223
(10000, 250, 0.0001, 1e-05, 0.8) ('n_epochs', 'S') 0.13587935206346413
(10000, 250, 0.0001, 1e-05, 0.8) ('batch_size', 'D') 0.837343518887652
(5000, 250, 0.0001, 1e-05, 0.8) ('n_epochs', 'D') 0.9670000086437766
(5000, 200, 0.0001, 1e-05, 0.8) ('lr', 'U') 2.324217855568417
(5000, 200, 0.01, 1e-05, 0.8) ('batch_size', 'U') 1.8234159513741188
(10000, 200, 0.01, 1e-05, 0.8) ('n_epochs', 'S') 1.4920830841155266
(10000, 200, 0.01, 1e-05, 0.8) ('n_epochs', 'S') 2.0100286563972816
(10000, 200, 0.01, 1e-05, 0.8) ('n_epochs', 'S') 2.5473909266141157
(10000, 200, 0.01, 1e-05, 0.8) ('n_epochs', 'S') 3.015814898834753
(10000, 200, 0.01, 1e-05, 0.8) ('n_epochs', 'S') 3.4350668986492447
(10000, 200, 0.01, 1e-05, 0.8) ('n_epochs', 'S') 3.789917515660944
(10000, 200, 0.01, 1e-05, 0.8) ('lr', 'U') 1.4211849250161728
(10000, 200, 0.1, 1e-05, 0.8) ('lr', 'U') -0.5254125567877046
(10000, 200, 1, 1e-05, 0.8) ('dropout_param', 'D') -0.9527015386577324
(10000, 200, 1, 1e-05, 0.5) ('batch_size', 'U') -1.5325227531888692
(20000, 200, 1, 1e-05, 0.5) ('batch_size', 'D') 0.08271355712201534
(10000, 200, 1, 1e-05, 0.5) ('batch_size', 'D') 0.08378429080224592
(5000, 200, 1, 1e-05, 0.5) ('dropout_param', 'U') -0.638967404069757
(5000, 200, 1, 1e-05, 0.8) ('weight_decay', 'D') 0.08354997623733873
(5000, 200, 1, 1e-08, 0.8) ('n_epochs', 'D') 0.08619394380022094
(5000, 150, 1, 1e-08, 0.8) ('weight_decay', 'U') 0.08394504357610721
(5000, 150, 1, 1e-05, 0.8) ('dropout_param', 'D') -1.2322992518541467
(5000, 150, 1, 1e-05, 0.5) ('dropout_param', 'U') 0.08350456685475927
(5000, 150, 1, 1e-05, 0.8) ('n_epochs', 'D') -0.125012726346742
(5000, 100, 1, 1e-05, 0.8) ('weight_decay', 'D') -0.1860659373419702
(5000, 100, 1, 1e-08, 0.8) ('batch_size', 'U') 0.08751201171002443
(10000, 100, 1, 1e-08, 0.8) ('n_epochs', 'S') 0.08595868384736027
(10000, 100, 1, 1e-08, 0.8) ('n_epochs', 'U') 0.08687612736326356
(10000, 150, 1, 1e-08, 0.8) ('dropout_param', 'D') 0.08282253420980012
(10000, 150, 1, 1e-08, 0.5) ('dropout_param', 'U') 0.0866635662270191
(10000, 150, 1, 1e-08, 0.8) ('weight_decay', 'U') -0.628721591012269
(10000, 150, 1, 1e-05, 0.8) ('n_epochs', 'U') 0.08748566740313701
(10000, 200, 1, 1e-05, 0.8) ('batch_size', 'U') 0.08022091907579487
(20000, 200, 1, 1e-05, 0.8) ('weight_decay', 'D') 0.08799530155791402
(20000, 200, 1, 1e-08, 0.8) ('batch_size', 'D') 0.05801858491404199
(10000, 200, 1, 1e-08, 0.8) ('dropout_param', 'D') 0.0595010580462052
(10000, 200, 1, 1e-08, 0.5) ('weight_decay', 'U') 0.060326228000391
(10000, 200, 1, 1e-05, 0.5) ('n_epochs', 'S') 0.06688383929924624
(10000, 200, 1, 1e-05, 0.5) ('n_epochs', 'D') 0.08480968645757725
(10000, 150, 1, 1e-05, 0.5) ('n_epochs', 'D') 0.08487417334438374
(10000, 100, 1, 1e-05, 0.5) ('batch_size', 'U') 0.6955887376337639
(20000, 100, 1, 1e-05, 0.5) ('lr', 'D') 1.12492580088671
(20000, 100, 0.1, 1e-05, 0.5) ('n_epochs', 'D') 0.9556828885374086
(20000, 10, 0.1, 1e-05, 0.5) ('dropout_param', 'U') 1.101292265297074
(20000, 10, 0.1, 1e-05, 0.8) ('weight_decay', 'U') 0.9895957406160388
(20000, 10, 0.1, 0.001, 0.8) ('lr', 'U') 0.6376053576172478
(20000, 10, 1, 0.001, 0.8) ('lr', 'D') 1.0180258459158307
(20000, 10, 0.1, 0.001, 0.8) ('batch_size', 'D') 1.055081366323619
(10000, 10, 0.1, 0.001, 0.8) ('n_epochs', 'S') 1.0618325914775657
(10000, 10, 0.1, 0.001, 0.8) ('n_epochs', 'S') 1.076017632126059
(10000, 10, 0.1, 0.001, 0.8) ('n_epochs', 'S') 1.1316482070461304
(10000, 10, 0.1, 0.001, 0.8) ('n_epochs', 'S') 1.1773784636677909
(10000, 10, 0.1, 0.001, 0.8) ('n_epochs', 'S') 1.215457460147143
(10000, 10, 0.1, 0.001, 0.8) ('n_epochs', 'S') 1.256552783102376
(10000, 10, 0.1, 0.001, 0.8) ('n_epochs', 'S') 1.3068674501666373
(10000, 10, 0.1, 0.001, 0.8) ('n_epochs', 'S') 1.3433247822515035
(10000, 10, 0.1, 0.001, 0.8) ('n_epochs', 'S') 1.3831817693358528
(10000, 10, 0.1, 0.001, 0.8) ('n_epochs', 'S') 1.4335398734256772
(10000, 10, 0.1, 0.001, 0.8) ('n_epochs', 'S') 1.4905821154787091
(10000, 10, 0.1, 0.001, 0.8) ('n_epochs', 'S') 1.5344704421456603
(10000, 10, 0.1, 0.001, 0.8) ('n_epochs', 'S') 1.582974319890363
(10000, 10, 0.1, 0.001, 0.8) ('n_epochs', 'S') 1.6293215688617981
(10000, 10, 0.1, 0.001, 0.8) ('n_epochs', 'S') 1.6734851189270352
(10000, 10, 0.1, 0.001, 0.8) ('n_epochs', 'S') 1.720317510454618
(10000, 10, 0.1, 0.001, 0.8) ('n_epochs', 'S') 1.7870316805775188
(5000, 250, 0.0001, 1e-05, 0.8) ('batch_size', 'U') -1.1153460725138689
(10000, 250, 0.0001, 1e-05, 0.8) ('n_epochs', 'D') -0.9742931039744203
(10000, 200, 0.0001, 1e-05, 0.8) ('weight_decay', 'U') -0.0750098604534597
(10000, 200, 0.0001, 0.001, 0.8) ('weight_decay', 'D') -2.085550675992718
(10000, 200, 0.0001, 1e-05, 0.8) ('n_epochs', 'U') -2.31979702554328
(10000, 250, 0.0001, 1e-05, 0.8) ('batch_size', 'U') -3.378839138605887
(20000, 250, 0.0001, 1e-05, 0.8) ('weight_decay', 'U') -2.288486820751811
(20000, 250, 0.0001, 0.001, 0.8) ('lr', 'U') 1.9291901258811048
(20000, 250, 0.01, 0.001, 0.8) ('dropout_param', 'D') 2.0083481857929097
(20000, 250, 0.01, 0.001, 0.5) ('weight_decay', 'U') 2.1038019478435883
(20000, 250, 0.01, 0.01, 0.5) ('dropout_param', 'D') 2.3666573333737837
(20000, 250, 0.01, 0.01, 0.3) ('batch_size', 'U') 2.155149458910997
(30000, 250, 0.01, 0.01, 0.3) ('n_epochs', 'S') 2.1100269071731086
(30000, 250, 0.01, 0.01, 0.3) ('n_epochs', 'S') 3.14335588455652
(30000, 250, 0.01, 0.01, 0.3) ('n_epochs', 'S') 4.088653630506056
(30000, 250, 0.01, 0.01, 0.3) ('n_epochs', 'S') 5.039964206382662
(30000, 250, 0.01, 0.01, 0.3) ('n_epochs', 'S') 5.921452259862395
(30000, 250, 0.01, 0.01, 0.3) ('n_epochs', 'S') 13.178862144679577
(30000, 250, 0.01, 0.01, 0.3) ('n_epochs', 'S') 17.578219716424375
(30000, 250, 0.01, 0.01, 0.3) ('n_epochs', 'S') 17.94635744458074
(30000, 250, 0.01, 0.01, 0.3) ('n_epochs', 'S') 18.18843990020831
(30000, 250, 0.01, 0.01, 0.3) ('n_epochs', 'S') 18.479757901271412
(30000, 250, 0.01, 0.01, 0.3) ('n_epochs', 'S') 18.851027209259232
(30000, 250, 0.01, 0.01, 0.3) ('n_epochs', 'S') 25.994919915353805
(30000, 250, 0.01, 0.01, 0.3) ('n_epochs', 'S') 52.931222852353564
(30000, 250, 0.01, 0.01, 0.3) ('n_epochs', 'S') 52.252493294205465
(30000, 250, 0.01, 0.01, 0.3) ('n_epochs', 'S') 50.986982712260016
(30000, 250, 0.01, 0.01, 0.3) ('n_epochs', 'S') 50.19333090431142
(30000, 250, 0.01, 0.01, 0.3) ('n_epochs', 'S') 49.561707680492034
(30000, 250, 0.01, 0.01, 0.3) ('n_epochs', 'S') 50.52312542243956
(30000, 250, 0.01, 0.01, 0.3) ('n_epochs', 'S') 49.93341390270221
(30000, 250, 0.01, 0.01, 0.3) ('n_epochs', 'S') 49.34391534502535
(30000, 250, 0.01, 0.01, 0.3) ('n_epochs', 'S') 48.73631623894132
(30000, 250, 0.01, 0.01, 0.3) ('n_epochs', 'S') 48.14849436370798
(30000, 250, 0.01, 0.01, 0.3) ('n_epochs', 'S') 47.56913539801502
(30000, 250, 0.01, 0.01, 0.3) ('n_epochs', 'S') 64.3469880830108
(30000, 250, 0.01, 0.01, 0.3) ('n_epochs', 'S') 63.418724230882574
(30000, 250, 0.01, 0.01, 0.3) ('n_epochs', 'S') 62.472670912402855
(30000, 250, 0.01, 0.01, 0.3) ('n_epochs', 'S') 61.576184374743505
(30000, 250, 0.01, 0.01, 0.3) ('n_epochs', 'S') 60.696340893653414
(30000, 250, 0.01, 0.01, 0.3) ('n_epochs', 'S') 71.65106123941497
(30000, 250, 0.01, 0.01, 0.3) ('n_epochs', 'S') 70.5295789451333
(30000, 250, 0.01, 0.01, 0.3) ('n_epochs', 'S') 69.40359610221854
(30000, 250, 0.01, 0.01, 0.3) ('n_epochs', 'S') 68.31696782352694
(30000, 250, 0.01, 0.01, 0.3) ('n_epochs', 'S') 68.58539059754312
(30000, 250, 0.01, 0.01, 0.3) ('n_epochs', 'S') 67.52578892663189
(30000, 250, 0.01, 0.01, 0.3) ('n_epochs', 'S') 66.46863551113695
(30000, 250, 0.01, 0.01, 0.3) ('n_epochs', 'S') 65.47142351426433
(30000, 250, 0.01, 0.01, 0.3) ('n_epochs', 'S') 64.45412956301934
(30000, 250, 0.01, 0.01, 0.3) ('n_epochs', 'S') 63.47956686268415
(30000, 250, 0.01, 0.01, 0.3) ('n_epochs', 'S') 62.9274695103745
(30000, 250, 0.01, 0.01, 0.3) ('n_epochs', 'S') 62.34901459693498
(30000, 250, 0.01, 0.01, 0.3) ('n_epochs', 'S') 61.80521093388195
(30000, 250, 0.01, 0.01, 0.3) ('n_epochs', 'S') 70.33605236749938
(30000, 250, 0.01, 0.01, 0.3) ('n_epochs', 'S') 69.66931230753329
(30000, 250, 0.01, 0.01, 0.3) ('n_epochs', 'S') 68.841982164241
(30000, 250, 0.01, 0.01, 0.3) ('n_epochs', 'S') 68.18642920931367
(30000, 250, 0.01, 0.01, 0.3) ('n_epochs', 'S') 67.56614915735769
(30000, 250, 0.01, 0.01, 0.3) ('n_epochs', 'S') 67.44324329618742
(30000, 250, 0.01, 0.01, 0.3) ('n_epochs', 'S') 66.80857987578655
(30000, 250, 0.01, 0.01, 0.3) ('n_epochs', 'S') 66.68952736859815
(30000, 250, 0.01, 0.01, 0.3) ('n_epochs', 'S') 66.08319067467822
(30000, 250, 0.01, 0.01, 0.3) ('n_epochs', 'S') 65.49560979943163
(30000, 250, 0.01, 0.01, 0.3) ('n_epochs', 'S') 64.91946555214565
(30000, 250, 0.01, 0.01, 0.3) ('n_epochs', 'S') 64.34511222584
(30000, 250, 0.01, 0.01, 0.3) ('n_epochs', 'S') 71.17971352707146
(30000, 250, 0.01, 0.01, 0.3) ('n_epochs', 'S') 70.48125870708705
(30000, 250, 0.01, 0.01, 0.3) ('n_epochs', 'S') 71.16166780957393
(30000, 250, 0.01, 0.01, 0.3) ('n_epochs', 'S') 70.4749356491343
(30000, 250, 0.01, 0.01, 0.3) ('n_epochs', 'S') 69.82367649478296
(30000, 250, 0.01, 0.01, 0.3) ('n_epochs', 'S') 69.16327357511835
(30000, 250, 0.01, 0.01, 0.3) ('n_epochs', 'S') 68.51947791715584
(30000, 250, 0.01, 0.01, 0.3) ('n_epochs', 'S') 67.66454122709516
(30000, 250, 0.01, 0.01, 0.3) ('n_epochs', 'S') 67.00901795957469
(30000, 250, 0.01, 0.01, 0.3) ('n_epochs', 'S') 66.38564585336204
(30000, 250, 0.01, 0.01, 0.3) ('n_epochs', 'S') 68.55559397831273
(30000, 250, 0.01, 0.01, 0.3) ('n_epochs', 'S') 68.34339237652323
(30000, 250, 0.01, 0.01, 0.3) ('n_epochs', 'S') 68.2724307056257
(30000, 250, 0.01, 0.01, 0.3) ('n_epochs', 'S') 68.05655638901428
(30000, 250, 0.01, 0.01, 0.3) ('n_epochs', 'S') 67.8392371431491
(30000, 250, 0.01, 0.01, 0.3) ('n_epochs', 'S') 68.92140431116258
(30000, 250, 0.01, 0.01, 0.3) ('n_epochs', 'S') 68.71048962896762
(30000, 250, 0.01, 0.01, 0.3) ('n_epochs', 'S') 68.49766626765678
(30000, 250, 0.01, 0.01, 0.3) ('n_epochs', 'S') 68.2797123404587
(30000, 250, 0.01, 0.01, 0.3) ('n_epochs', 'S') 68.0610254403563
(30000, 250, 0.01, 0.01, 0.3) ('n_epochs', 'S') 67.85005669619888
(30000, 250, 0.01, 0.01, 0.3) ('n_epochs', 'S') 67.64113417034706
(30000, 250, 0.01, 0.01, 0.3) ('n_epochs', 'S') 67.42189685560987
(30000, 250, 0.01, 0.01, 0.3) ('n_epochs', 'S') 67.21465701883176
(30000, 250, 0.01, 0.01, 0.3) ('n_epochs', 'S') 67.49027759283791
(30000, 250, 0.01, 0.01, 0.3) ('n_epochs', 'S') 67.28048202619146
(30000, 250, 0.01, 0.01, 0.3) ('n_epochs', 'S') 67.93593189953826
(30000, 250, 0.01, 0.01, 0.3) ('n_epochs', 'S') 67.73228838508194
(30000, 250, 0.01, 0.01, 0.3) ('n_epochs', 'S') 67.51999191344642
(30000, 250, 0.01, 0.01, 0.3) ('n_epochs', 'S') 67.97158844512062
(30000, 250, 0.01, 0.01, 0.3) ('n_epochs', 'S') 67.75797733260072
(30000, 250, 0.01, 0.01, 0.3) ('n_epochs', 'S') 67.55495435272806
(30000, 250, 0.01, 0.01, 0.3) ('n_epochs', 'S') 67.3513382355855
(30000, 250, 0.01, 0.01, 0.3) ('n_epochs', 'S') 67.15050164253499
(30000, 250, 0.01, 0.01, 0.3) ('n_epochs', 'S') 66.94823774014324
(20000, 10, 0.1, 0.01, 0.8) ('n_epochs', 'S') 0.7431506846182154
(20000, 10, 0.1, 0.01, 0.8) ('weight_decay', 'U') -2.485060413699867
(20000, 10, 0.1, 1, 0.8) ('dropout_param', 'D') -2.1188555262907616
(20000, 10, 0.1, 1, 0.5) ('n_epochs', 'S') -2.09145968465625
(20000, 10, 0.1, 1, 0.5) ('batch_size', 'U') -2.2764338875657577
(30000, 10, 0.1, 1, 0.5) ('dropout_param', 'D') -2.1118121528150855
(30000, 10, 0.1, 1, 0.3) ('batch_size', 'D') -2.2260978213746054
(20000, 10, 0.1, 1, 0.3) ('dropout_param', 'U') -2.5067930812596986
(20000, 10, 0.1, 1, 0.5) ('batch_size', 'D') -2.20541631567831
(10000, 10, 0.1, 1, 0.5) ('n_epochs', 'S') -2.168152815695655
(10000, 10, 0.1, 1, 0.5) ('batch_size', 'U') -2.509901100888132
(20000, 10, 0.1, 1, 0.5) ('dropout_param', 'D') -2.2887829872965337
(20000, 10, 0.1, 1, 0.3) ('lr', 'D') -2.1300777974012757
(20000, 10, 0.01, 1, 0.3) ('weight_decay', 'D') 2.0225504085699253
(20000, 10, 0.01, 0.01, 0.3) ('batch_size', 'D') 16.242797451019047
(10000, 10, 0.01, 0.01, 0.3) ('batch_size', 'D') 1.9778932151613358
(5000, 10, 0.01, 0.01, 0.3) ('weight_decay', 'D') 80.79813936929102
(5000, 10, 0.01, 0.001, 0.3) ('lr', 'D') 85.91196972133588
(5000, 10, 0.0001, 0.001, 0.3) ('lr', 'U') 111.21456089102774
(5000, 10, 0.01, 0.001, 0.3) ('lr', 'D') 101.2026283251134
(5000, 10, 0.0001, 0.001, 0.3) ('lr', 'U') 134.5673706959905
(5000, 10, 0.01, 0.001, 0.3) ('n_epochs', 'S') 113.57560725672903
(5000, 10, 0.01, 0.001, 0.3) ('n_epochs', 'S') 149.47756904302997
(5000, 10, 0.01, 0.001, 0.3) ('n_epochs', 'S') 171.9477389547396
(5000, 10, 0.01, 0.001, 0.3) ('n_epochs', 'S') 206.1767483403259
(5000, 10, 0.01, 0.001, 0.3) ('n_epochs', 'S') 218.5420778427246
(5000, 10, 0.01, 0.001, 0.3) ('n_epochs', 'S') 233.74152504979355
(5000, 10, 0.01, 0.001, 0.3) ('n_epochs', 'S') 249.11143497118653
(5000, 10, 0.01, 0.001, 0.3) ('n_epochs', 'S') 262.61025928062253
(5000, 10, 0.01, 0.001, 0.3) ('n_epochs', 'S') 272.32378230529014
(5000, 10, 0.01, 0.001, 0.3) ('n_epochs', 'S') 283.2500126797561
(5000, 10, 0.01, 0.001, 0.3) ('n_epochs', 'S') 296.8141781456905
(5000, 10, 0.01, 0.001, 0.3) ('n_epochs', 'S') 303.8564496724253
(5000, 10, 0.01, 0.001, 0.3) ('n_epochs', 'S') 313.01863532773973
(5000, 10, 0.01, 0.001, 0.3) ('n_epochs', 'S') 322.38509210918846
(5000, 10, 0.01, 0.001, 0.3) ('n_epochs', 'S') 337.0409499024364
(5000, 10, 0.01, 0.001, 0.3) ('n_epochs', 'S') 343.0686114385362
(5000, 10, 0.01, 0.001, 0.3) ('n_epochs', 'S') 347.3678464890289
(5000, 10, 0.01, 0.001, 0.3) ('n_epochs', 'S') 359.11508543498786
(5000, 10, 0.01, 0.001, 0.3) ('n_epochs', 'S') 365.6095369619853
(5000, 10, 0.01, 0.001, 0.3) ('batch_size', 'U') 22.274576759338245
(10000, 10, 0.01, 0.001, 0.3) ('batch_size', 'D') 197.16075302981275
(5000, 10, 0.01, 0.001, 0.3) ('n_epochs', 'S') 375.0181209408896
(5000, 10, 0.01, 0.001, 0.3) ('n_epochs', 'S') 382.7305804768765
(5000, 10, 0.01, 0.001, 0.3) ('n_epochs', 'S') 393.57378351713953
(5000, 10, 0.01, 0.001, 0.3) ('n_epochs', 'S') 413.24813178504587
(5000, 10, 0.01, 0.001, 0.3) ('n_epochs', 'U') 17.290734386443958
(5000, 100, 0.01, 0.001, 0.3) ('weight_decay', 'U') 1.5658912679830395
(5000, 100, 0.01, 0.01, 0.3) ('weight_decay', 'U') -0.7732420280930383
(5000, 100, 0.01, 1, 0.3) ('n_epochs', 'U') -0.7958142671718327
(5000, 150, 0.01, 1, 0.3) ('batch_size', 'U') -0.06256637733132009
(10000, 150, 0.01, 1, 0.3) ('lr', 'D') -0.07800524090611627
(10000, 150, 0.0001, 1, 0.3) ('n_epochs', 'D') -0.06476724387633026
(10000, 100, 0.0001, 1, 0.3) ('batch_size', 'D') -0.35924245064159943
(5000, 100, 0.0001, 1, 0.3) ('weight_decay', 'D') 1.2610191403680835
(5000, 100, 0.0001, 0.01, 0.3) ('lr', 'U') 1.306897344672842
(5000, 100, 0.01, 0.01, 0.3) ('n_epochs', 'S') 1.3141846518914277
(5000, 100, 0.01, 0.01, 0.3) ('n_epochs', 'S') 1.6271197731775777
(5000, 100, 0.01, 0.01, 0.3) ('n_epochs', 'S') 1.9477335607489645
(5000, 100, 0.01, 0.01, 0.3) ('n_epochs', 'S') 2.2389678339917394
(5000, 100, 0.01, 0.01, 0.3) ('dropout_param', 'U') 1.329433068942945
(5000, 100, 0.01, 0.01, 0.5) ('n_epochs', 'D') 1.263371314298392
(5000, 10, 0.01, 0.01, 0.5) ('weight_decay', 'D') 10.503179893493572
(5000, 10, 0.01, 0.001, 0.5) ('lr', 'U') 1.150280707326415
(5000, 10, 0.1, 0.001, 0.5) ('weight_decay', 'U') 0.8724953242017768
(5000, 10, 0.1, 0.01, 0.5) ('dropout_param', 'U') 0.8910572730612677
(5000, 10, 0.1, 0.01, 0.8) ('n_epochs', 'U') 0.7604079382871247
(5000, 100, 0.1, 0.01, 0.8) ('n_epochs', 'U') 0.6177515908148008
(5000, 150, 0.1, 0.01, 0.8) ('n_epochs', 'D') 0.6380335459153896
(5000, 100, 0.1, 0.01, 0.8) ('lr', 'D') 1.1941665442977891
(5000, 100, 0.01, 0.01, 0.8) ('lr', 'U') 0.484843117816955
(5000, 100, 0.1, 0.01, 0.8) ('lr', 'D') 1.316067709104465
(5000, 100, 0.01, 0.01, 0.8) ('n_epochs', 'S') 1.1964009661741342
(5000, 100, 0.01, 0.01, 0.8) ('n_epochs', 'S') 1.3994928625068208
(5000, 100, 0.01, 0.01, 0.8) ('n_epochs', 'S') 1.5750934911170082
(5000, 100, 0.01, 0.01, 0.8) ('n_epochs', 'S') 1.6316550967771926
(5000, 100, 0.01, 0.01, 0.8) ('n_epochs', 'S') 1.69128746069069
(5000, 100, 0.01, 0.01, 0.8) ('n_epochs', 'S') 1.7460527277888005
(5000, 100, 0.01, 0.01, 0.8) ('n_epochs', 'S') 1.8055718964249912
(5000, 100, 0.01, 0.01, 0.8) ('n_epochs', 'S') 1.8679073330094638
(5000, 100, 0.01, 0.01, 0.8) ('n_epochs', 'S') 1.9270088096221984
(5000, 100, 0.01, 0.01, 0.8) ('n_epochs', 'S') 1.9791410180762499
(5000, 100, 0.01, 0.01, 0.8) ('n_epochs', 'S') 2.036337284739552
(5000, 100, 0.01, 0.01, 0.8) ('n_epochs', 'S') 2.093546570670397
(5000, 100, 0.01, 0.01, 0.8) ('n_epochs', 'S') 2.1492063928995853
(5000, 100, 0.01, 0.01, 0.8) ('n_epochs', 'S') 2.201079023943726
(5000, 100, 0.01, 0.01, 0.8) ('n_epochs', 'S') 2.2574723929445892
(5000, 100, 0.01, 0.01, 0.8) ('n_epochs', 'S') 2.315801005274202
(5000, 100, 0.01, 0.01, 0.8) ('n_epochs', 'S') 2.3731751198875
(5000, 100, 0.01, 0.01, 0.8) ('n_epochs', 'S') 2.4203003646637566
(5000, 100, 0.01, 0.01, 0.8) ('n_epochs', 'S') 2.4689361677920867
(5000, 100, 0.01, 0.01, 0.8) ('n_epochs', 'S') 2.525905415564009
(5000, 100, 0.01, 0.01, 0.8) ('n_epochs', 'S') 2.5830981078932305
(5000, 100, 0.01, 0.01, 0.8) ('n_epochs', 'S') 2.641837675551188
(5000, 100, 0.01, 0.01, 0.8) ('n_epochs', 'S') 2.693885260041243
(5000, 100, 0.01, 0.01, 0.8) ('n_epochs', 'S') 2.75032737432004
(5000, 100, 0.01, 0.01, 0.8) ('n_epochs', 'S') 2.8017173035704728
(5000, 100, 0.01, 0.01, 0.8) ('n_epochs', 'S') 2.850546660109302
(5000, 100, 0.01, 0.01, 0.8) ('n_epochs', 'S') 2.899714172636648
(5000, 100, 0.01, 0.01, 0.8) ('n_epochs', 'S') 2.950052449691174
(30000, 250, 0.01, 1e-05, 0.8) ('weight_decay', 'D') 1.4875100944644468
(30000, 250, 0.01, 1e-08, 0.8) ('lr', 'U') 0.7264290863792271
(30000, 250, 0.1, 1e-08, 0.8) ('weight_decay', 'U') 1.0412886180659082
(30000, 250, 0.1, 1e-05, 0.8) ('lr', 'U') -2.3112455977686492
(30000, 250, 1, 1e-05, 0.8) ('weight_decay', 'D') -1.7443665665799157
(30000, 250, 1, 1e-08, 0.8) ('n_epochs', 'D') -1.7487942562378134
(30000, 200, 1, 1e-08, 0.8) ('n_epochs', 'S') -1.7563870861679045
(30000, 200, 1, 1e-08, 0.8) ('n_epochs', 'U') -1.7368398725253331
(30000, 250, 1, 1e-08, 0.8) ('dropout_param', 'D') -1.754962334778749
(30000, 250, 1, 1e-08, 0.5) ('n_epochs', 'S') -2.2395226589805692
(30000, 250, 1, 1e-08, 0.5) ('dropout_param', 'U') -2.735367372512521
(30000, 250, 1, 1e-08, 0.8) ('n_epochs', 'S') -1.8591678453778702
(30000, 250, 1, 1e-08, 0.8) ('lr', 'D') 1.1649850057996964
(30000, 250, 0.1, 1e-08, 0.8) ('n_epochs', 'D') 1.1766006712972898
(30000, 200, 0.1, 1e-08, 0.8) ('weight_decay', 'U') 1.393601397008025
(30000, 200, 0.1, 1e-05, 0.8) ('weight_decay', 'D') 1.5441703123658153
(30000, 200, 0.1, 1e-08, 0.8) ('weight_decay', 'U') 1.4097939330989189
(30000, 200, 0.1, 1e-05, 0.8) ('batch_size', 'D') 1.7337017986460768
(20000, 200, 0.1, 1e-05, 0.8) ('n_epochs', 'D') 1.6191902486097378
(20000, 150, 0.1, 1e-05, 0.8) ('n_epochs', 'D') 1.8053752205161475
(20000, 100, 0.1, 1e-05, 0.8) ('n_epochs', 'S') 1.510298146460685
(20000, 100, 0.1, 1e-05, 0.8) ('n_epochs', 'S') 1.4231422363192103
(20000, 100, 0.1, 1e-05, 0.8) ('batch_size', 'D') 1.7500543130368067
(10000, 100, 0.1, 1e-05, 0.8) ('batch_size', 'D') 0.940783722932274
(5000, 100, 0.1, 1e-05, 0.8) ('lr', 'U') -1.8285145744241493
(5000, 100, 1, 1e-05, 0.8) ('dropout_param', 'D') -3.921299944334658
(5000, 100, 1, 1e-05, 0.5) ('batch_size', 'U') -0.5250053499855176
(10000, 100, 1, 1e-05, 0.5) ('n_epochs', 'D') -5.351128487077835
(10000, 10, 1, 1e-05, 0.5) ('n_epochs', 'S') -1.0991491687773638
(10000, 10, 1, 1e-05, 0.5) ('weight_decay', 'D') -0.5302803674598109
(10000, 10, 1, 1e-08, 0.5) ('dropout_param', 'U') -0.5207239851854282
(10000, 10, 1, 1e-08, 0.8) ('batch_size', 'U') -0.6273851011251366
(20000, 10, 1, 1e-08, 0.8) ('weight_decay', 'U') -0.6750765584652085
(20000, 10, 1, 1e-05, 0.8) ('weight_decay', 'U') -0.5777955032278077
(20000, 10, 1, 0.001, 0.8) ('weight_decay', 'U') -0.5452185365247195
(20000, 10, 1, 0.01, 0.8) ('lr', 'D') 0.38599620930049594
(20000, 10, 0.1, 0.01, 0.8) ('batch_size', 'D') 0.7398234569299887
(10000, 10, 0.1, 0.01, 0.8) ('lr', 'D') 1.4054391306973337
(10000, 10, 0.01, 0.01, 0.8) ('n_epochs', 'U') 1.417435026063901
(10000, 100, 0.01, 0.01, 0.8) ('weight_decay', 'U') -0.747719171596104
(10000, 100, 0.01, 1, 0.8) ('batch_size', 'U') -0.8064647979904556
(20000, 100, 0.01, 1, 0.8) ('lr', 'D') -1.5461884344130445
(20000, 100, 0.0001, 1, 0.8) ('n_epochs', 'D') -1.5877603527172268
(20000, 10, 0.0001, 1, 0.8) ('lr', 'U') -1.1081063512898637
(20000, 10, 0.01, 1, 0.8) ('lr', 'U') -0.7861255956074564
(20000, 10, 0.1, 1, 0.8) ('lr', 'U') -0.5353560641430533
(20000, 10, 1, 1, 0.8) ('weight_decay', 'D') -0.6198530695875752
(20000, 10, 1, 0.01, 0.8) ('n_epochs', 'U') -0.5454106343809051
(20000, 100, 1, 0.01, 0.8) ('dropout_param', 'D') 0.41433904761900064
(20000, 100, 1, 0.01, 0.5) ('lr', 'D') 1.2837859927268824
(20000, 100, 0.1, 0.01, 0.5) ('dropout_param', 'D') 1.2221465969200407
(20000, 100, 0.1, 0.01, 0.3) ('dropout_param', 'U') 1.3145315413501906
(20000, 100, 0.1, 0.01, 0.5) ('dropout_param', 'D') 1.451803164942148
(20000, 100, 0.1, 0.01, 0.3) ('dropout_param', 'U') 1.5744356688508654
(20000, 100, 0.1, 0.01, 0.5) ('dropout_param', 'D') 1.6874194634255244
(20000, 100, 0.1, 0.01, 0.3) ('dropout_param', 'U') 1.839648030031686
(20000, 100, 0.1, 0.01, 0.5) ('dropout_param', 'D') 1.9455907889338506
(20000, 100, 0.1, 0.01, 0.3) ('dropout_param', 'U') 2.1245435903415175
(20000, 100, 0.1, 0.01, 0.5) ('dropout_param', 'D') 2.2150822760088533
(20000, 100, 0.1, 0.01, 0.3) ('dropout_param', 'U') 2.330162541345172
(20000, 100, 0.1, 0.01, 0.5) ('dropout_param', 'D') 2.442383319816994
(20000, 100, 0.1, 0.01, 0.3) ('dropout_param', 'U') 2.5586882649166323
(20000, 100, 0.1, 0.01, 0.5) ('dropout_param', 'D') 2.6482559022146743
(20000, 100, 0.1, 0.01, 0.3) ('dropout_param', 'U') 2.7968842791758917
(20000, 100, 0.1, 0.01, 0.5) ('dropout_param', 'D') 2.864086307218824
(20000, 100, 0.1, 0.01, 0.3) ('dropout_param', 'U') 3.0674574521036213
(20000, 100, 0.1, 0.01, 0.5) ('dropout_param', 'D') 3.114162304759896
(20000, 100, 0.1, 0.01, 0.3) ('dropout_param', 'U') 3.2945436540004134
(20000, 100, 0.1, 0.01, 0.5) ('dropout_param', 'D') 3.33616130498931
(20000, 100, 0.1, 0.01, 0.3) ('dropout_param', 'U') 3.5306195951126194
(20000, 100, 0.1, 0.01, 0.5) ('dropout_param', 'D') 3.5570778254669224
(20000, 100, 0.1, 0.01, 0.3) ('dropout_param', 'U') 3.729420536796994
(20000, 100, 0.1, 0.01, 0.5) ('dropout_param', 'D') 3.764589178903649
(20000, 100, 0.1, 0.01, 0.3) ('dropout_param', 'U') 3.867706582236399
(20000, 100, 0.1, 0.01, 0.5) ('dropout_param', 'D') 3.9560779590179713
(20000, 100, 0.1, 0.01, 0.3) ('dropout_param', 'U') 3.9300792606184447
(20000, 100, 0.1, 0.01, 0.5) ('dropout_param', 'D') 4.012836540420901
(20000, 100, 0.1, 0.01, 0.3) ('dropout_param', 'U') 3.997081999190467
(20000, 100, 0.1, 0.01, 0.5) ('dropout_param', 'D') 4.063373605971066
(20000, 100, 0.1, 0.01, 0.3) ('dropout_param', 'U') 4.074637595301404
(20000, 100, 0.1, 0.01, 0.5) ('dropout_param', 'D') 4.133434861413053
(20000, 100, 0.1, 0.01, 0.3) ('dropout_param', 'U') 4.137468629923983
(20000, 100, 0.1, 0.01, 0.5) ('dropout_param', 'D') 4.203222724346757
(20000, 100, 0.1, 0.01, 0.3) ('dropout_param', 'U') 4.216664515824061
(20000, 100, 0.1, 0.01, 0.5) ('dropout_param', 'D') 4.274308867845857
(20000, 100, 0.1, 0.01, 0.3) ('dropout_param', 'U') 4.281546142813728
(20000, 100, 0.1, 0.01, 0.5) ('dropout_param', 'D') 4.341705470052566
(20000, 100, 0.1, 0.01, 0.3) ('dropout_param', 'U') 4.354017907953097
(20000, 100, 0.1, 0.01, 0.5) ('dropout_param', 'D') 4.401391111676908
(20000, 100, 0.1, 0.01, 0.3) ('dropout_param', 'U') 4.431453667342529
(20000, 100, 0.1, 0.01, 0.5) ('dropout_param', 'D') 4.458801242952109
(20000, 100, 0.1, 0.01, 0.3) ('dropout_param', 'U') 4.508614666035456
(20000, 100, 0.1, 0.01, 0.5) ('dropout_param', 'D') 4.521676178325488
(20000, 100, 0.1, 0.01, 0.3) ('dropout_param', 'U') 4.585252920968733
(20000, 100, 0.1, 0.01, 0.5) ('dropout_param', 'D') 4.5821633886274915
(20000, 100, 0.1, 0.01, 0.3) ('dropout_param', 'U') 4.653686024050048
(20000, 100, 0.1, 0.01, 0.5) ('dropout_param', 'D') 4.651137302374594
(20000, 100, 0.1, 0.01, 0.3) ('dropout_param', 'U') 4.720596134897169
(20000, 100, 0.1, 0.01, 0.5) ('dropout_param', 'D') 4.707170202426152
(20000, 100, 0.1, 0.01, 0.3) ('dropout_param', 'U') 4.782405294289307
(30000, 250, 1e-06, 0.01, 0.3) ('dropout_param', 'U') -3.4914438563173498
(30000, 250, 1e-06, 0.01, 0.5) ('batch_size', 'D') -4.0643441924160735
(20000, 250, 1e-06, 0.01, 0.5) ('n_epochs', 'S') -4.778636763717496
(20000, 250, 1e-06, 0.01, 0.5) ('batch_size', 'U') -1.9906226530130562
(30000, 250, 1e-06, 0.01, 0.5) ('lr', 'U') -1.7944085347172214
(30000, 250, 0.0001, 0.01, 0.5) ('lr', 'D') -4.2133800595184185
(30000, 250, 1e-06, 0.01, 0.5) ('dropout_param', 'D') -3.7938170019239
(30000, 250, 1e-06, 0.01, 0.3) ('lr', 'U') -1.7497560299705004
(30000, 250, 0.0001, 0.01, 0.3) ('lr', 'D') -2.3242335503942217
(30000, 250, 1e-06, 0.01, 0.3) ('batch_size', 'D') -3.875359069223098
(20000, 250, 1e-06, 0.01, 0.3) ('batch_size', 'D') -3.626421372446404
(10000, 250, 1e-06, 0.01, 0.3) ('n_epochs', 'S') -2.155943559161754
(10000, 250, 1e-06, 0.01, 0.3) ('dropout_param', 'U') -1.8460379122831174
(10000, 250, 1e-06, 0.01, 0.5) ('lr', 'U') -2.4725504567672094
(10000, 250, 0.0001, 0.01, 0.5) ('batch_size', 'D') 1.7683693619762326
(5000, 250, 0.0001, 0.01, 0.5) ('batch_size', 'U') -4.397555731471447
(10000, 250, 0.0001, 0.01, 0.5) ('batch_size', 'D') 1.6467072179897395
(5000, 250, 0.0001, 0.01, 0.5) ('dropout_param', 'U') 1.822253861516862
(5000, 250, 0.0001, 0.01, 0.8) ('weight_decay', 'D') 0.6679936239089814
(5000, 250, 0.0001, 0.001, 0.8) ('n_epochs', 'D') 0.770812510585929
(5000, 200, 0.0001, 0.001, 0.8) ('lr', 'U') 2.0613323778960355
(5000, 200, 0.01, 0.001, 0.8) ('n_epochs', 'S') 1.9810757838649378
(5000, 200, 0.01, 0.001, 0.8) ('n_epochs', 'U') 2.034821391415031
(5000, 250, 0.01, 0.001, 0.8) ('weight_decay', 'U') 1.5460233891283681
(5000, 250, 0.01, 0.01, 0.8) ('lr', 'U') -0.23959569689613192
(5000, 250, 0.1, 0.01, 0.8) ('n_epochs', 'D') 0.04245856749188304
(5000, 200, 0.1, 0.01, 0.8) ('weight_decay', 'U') -0.7641204825707155
(5000, 200, 0.1, 1, 0.8) ('lr', 'U') -0.7628593380767845
(5000, 200, 1, 1, 0.8) ('dropout_param', 'D') -0.7725045112418925
(5000, 200, 1, 1, 0.5) ('n_epochs', 'U') -0.7604283449389384
(5000, 250, 1, 1, 0.5) ('lr', 'D') -0.7658179042424691
(5000, 250, 0.1, 1, 0.5) ('n_epochs', 'S') -0.788480699828431
(5000, 250, 0.1, 1, 0.5) ('n_epochs', 'D') -0.7597819401770756
(5000, 200, 0.1, 1, 0.5) ('batch_size', 'U') -0.7804991195066697
(10000, 200, 0.1, 1, 0.5) ('lr', 'U') -0.8063046167912957
(10000, 200, 1, 1, 0.5) ('dropout_param', 'U') -0.803990108998375
(10000, 200, 1, 1, 0.8) ('dropout_param', 'D') -0.7695362369511343
(10000, 200, 1, 1, 0.5) ('batch_size', 'U') -0.8937370434872967
(20000, 200, 1, 1, 0.5) ('dropout_param', 'D') -0.7600159076232322
(20000, 200, 1, 1, 0.3) ('n_epochs', 'U') -0.7560156648231113
(20000, 250, 1, 1, 0.3) ('batch_size', 'D') -0.7796629071933672
(10000, 250, 1, 1, 0.3) ('dropout_param', 'U') -0.7683398334176608
(10000, 250, 1, 1, 0.5) ('lr', 'D') -0.7762728153864997
(10000, 250, 0.1, 1, 0.5) ('lr', 'D') -0.7636316278800179
(10000, 250, 0.01, 1, 0.5) ('dropout_param', 'D') -0.7732270381284656
(10000, 250, 0.01, 1, 0.3) ('dropout_param', 'U') -0.8066339602038162
(10000, 250, 0.01, 1, 0.5) ('n_epochs', 'D') -0.7749463288057092
(10000, 200, 0.01, 1, 0.5) ('dropout_param', 'U') -0.8161411405223418
(10000, 200, 0.01, 1, 0.8) ('batch_size', 'D') -0.7734054181274188
(5000, 200, 0.01, 1, 0.8) ('n_epochs', 'D') -0.7986880943144761
(5000, 150, 0.01, 1, 0.8) ('n_epochs', 'S') -0.08130259384487393
(5000, 150, 0.01, 1, 0.8) ('n_epochs', 'U') -0.06331652483229822
(5000, 200, 0.01, 1, 0.8) ('n_epochs', 'S') -0.06241436448092297
(5000, 200, 0.01, 1, 0.8) ('weight_decay', 'D') 1.193645255612044
(5000, 200, 0.01, 0.01, 0.8) ('batch_size', 'U') 1.2587817569350235
(10000, 200, 0.01, 0.01, 0.8) ('batch_size', 'D') 1.258595173651969
(5000, 200, 0.01, 0.01, 0.8) ('batch_size', 'U') 1.51504516143508
(10000, 200, 0.01, 0.01, 0.8) ('batch_size', 'D') 1.5174086197393755
(5000, 200, 0.01, 0.01, 0.8) ('batch_size', 'U') 1.7558476313318405
(10000, 200, 0.01, 0.01, 0.8) ('batch_size', 'D') 1.7578725105612938
(5000, 200, 0.01, 0.01, 0.8) ('batch_size', 'U') 1.9859347453181275
(10000, 200, 0.01, 0.01, 0.8) ('batch_size', 'D') 1.9924496724680338
(5000, 200, 0.01, 0.01, 0.8) ('batch_size', 'U') 2.2127714568085435
(10000, 200, 0.01, 0.01, 0.8) ('batch_size', 'D') 2.2401248651650536
(5000, 200, 0.01, 0.01, 0.8) ('batch_size', 'U') 2.422539956244698
(10000, 200, 0.01, 0.01, 0.8) ('batch_size', 'D') 2.462648825909615
(5000, 200, 0.01, 0.01, 0.8) ('batch_size', 'U') 2.6298696869104976
(10000, 200, 0.01, 0.01, 0.8) ('batch_size', 'D') 2.6614643626581382
(5000, 200, 0.01, 0.01, 0.8) ('batch_size', 'U') 2.858365917375843
(10000, 200, 0.01, 0.01, 0.8) ('batch_size', 'D') 2.839988074281528
(5000, 200, 0.01, 0.01, 0.8) ('batch_size', 'U') 3.088350076603734
(10000, 200, 0.01, 0.01, 0.8) ('batch_size', 'D') 3.077832964171667
(5000, 200, 0.01, 0.01, 0.8) ('batch_size', 'U') 3.3023424600374067
(10000, 200, 0.01, 0.01, 0.8) ('batch_size', 'D') 3.3203709580611025
(5000, 200, 0.01, 0.01, 0.8) ('batch_size', 'U') 3.526335060362042
(10000, 200, 0.01, 0.01, 0.8) ('batch_size', 'D') 3.3859640871737535
(5000, 200, 0.01, 0.01, 0.8) ('batch_size', 'U') 3.585643078950034
(10000, 200, 0.01, 0.01, 0.8) ('batch_size', 'D') 3.4575564117042537
(5000, 200, 0.01, 0.01, 0.8) ('batch_size', 'U') 3.628184307314015
(10000, 200, 0.01, 0.01, 0.8) ('batch_size', 'D') 3.5239435989717123
(5000, 200, 0.01, 0.01, 0.8) ('batch_size', 'U') 3.6849781781229534
(10000, 200, 0.01, 0.01, 0.8) ('batch_size', 'D') 3.5867958599515375
(5000, 200, 0.01, 0.01, 0.8) ('batch_size', 'U') 3.740412920012436
(10000, 200, 0.01, 0.01, 0.8) ('batch_size', 'D') 3.6562364918997816
(5000, 200, 0.01, 0.01, 0.8) ('batch_size', 'U') 3.8010152271301156
(10000, 200, 0.01, 0.01, 0.8) ('batch_size', 'D') 3.7194830453242913
(5000, 200, 0.01, 0.01, 0.8) ('batch_size', 'U') 3.8622073494636293
(10000, 200, 0.01, 0.01, 0.8) ('batch_size', 'D') 3.7848445110800633
(5000, 200, 0.01, 0.01, 0.8) ('batch_size', 'U') 3.9137553903433586
(10000, 200, 0.01, 0.01, 0.8) ('batch_size', 'D') 3.842368651803832
(5000, 200, 0.01, 0.01, 0.8) ('batch_size', 'U') 3.9507651016868994
(10000, 200, 0.01, 0.01, 0.8) ('batch_size', 'D') 3.9010486825153894
(5000, 200, 0.01, 0.01, 0.8) ('batch_size', 'U') 4.011527148926831
(10000, 200, 0.01, 0.01, 0.8) ('batch_size', 'D') 3.9555879355085426
(5000, 200, 0.01, 0.01, 0.8) ('batch_size', 'U') 4.067543281543813
(10000, 200, 0.01, 0.01, 0.8) ('batch_size', 'D') 4.014925733434297
(5000, 200, 0.01, 0.01, 0.8) ('batch_size', 'U') 4.128294724205157
(10000, 200, 0.01, 0.01, 0.8) ('batch_size', 'D') 4.068253445549889
(5000, 200, 0.01, 0.01, 0.8) ('batch_size', 'U') 4.194094313638586
(10000, 200, 0.01, 0.01, 0.8) ('batch_size', 'D') 4.125526589636047
(20000, 100, 0.0001, 0.01, 0.3) ('dropout_param', 'U') -1.9252575207694411
(20000, 100, 0.0001, 0.01, 0.5) ('dropout_param', 'U') -1.7686985746991692
(20000, 100, 0.0001, 0.01, 0.8) ('n_epochs', 'S') -1.8141651181689755
(20000, 100, 0.0001, 0.01, 0.8) ('dropout_param', 'D') -2.0179710430887643
(20000, 100, 0.0001, 0.01, 0.5) ('weight_decay', 'D') -1.717447887038646
(20000, 100, 0.0001, 0.001, 0.5) ('weight_decay', 'U') -2.362382033955642
(20000, 100, 0.0001, 0.01, 0.5) ('lr', 'D') -2.000080218604717
(20000, 100, 1e-06, 0.01, 0.5) ('dropout_param', 'U') -4.40832894843086
(20000, 100, 1e-06, 0.01, 0.8) ('batch_size', 'U') -1.8181426137263084
(30000, 100, 1e-06, 0.01, 0.8) ('batch_size', 'D') -2.116988030776558
(20000, 100, 1e-06, 0.01, 0.8) ('dropout_param', 'D') -2.1868707035264006
(20000, 100, 1e-06, 0.01, 0.5) ('batch_size', 'U') -1.7818752735065617
(30000, 100, 1e-06, 0.01, 0.5) ('n_epochs', 'U') -3.777718893385414
(30000, 150, 1e-06, 0.01, 0.5) ('batch_size', 'D') -2.162969278599218
(20000, 150, 1e-06, 0.01, 0.5) ('n_epochs', 'U') -2.920158734998414
(20000, 200, 1e-06, 0.01, 0.5) ('n_epochs', 'U') -1.9160531381614145
(20000, 250, 1e-06, 0.01, 0.5) ('dropout_param', 'D') -3.472900902372042
(20000, 250, 1e-06, 0.01, 0.3) ('dropout_param', 'U') -4.478764038098198
(20000, 250, 1e-06, 0.01, 0.5) ('lr', 'U') -2.557178108837284
(20000, 250, 0.0001, 0.01, 0.5) ('weight_decay', 'D') -4.316439793364857
(20000, 250, 0.0001, 0.001, 0.5) ('weight_decay', 'D') -1.8466142950831657
(20000, 250, 0.0001, 1e-05, 0.5) ('weight_decay', 'U') -4.5411978093359915
(20000, 250, 0.0001, 0.001, 0.5) ('batch_size', 'D') 0.8333075690308329
(10000, 250, 0.0001, 0.001, 0.5) ('n_epochs', 'D') 0.5659406750619946
(10000, 200, 0.0001, 0.001, 0.5) ('weight_decay', 'D') 0.5383391307614398
(10000, 200, 0.0001, 1e-05, 0.5) ('n_epochs', 'D') 0.6973609971744871
(10000, 150, 0.0001, 1e-05, 0.5) ('weight_decay', 'D') 0.7429241307903375
(10000, 150, 0.0001, 1e-08, 0.5) ('weight_decay', 'U') 0.8977917984165081
(10000, 150, 0.0001, 1e-05, 0.5) ('lr', 'U') 9.854160881042347
(10000, 150, 0.01, 1e-05, 0.5) ('n_epochs', 'D') 9.91644773483263
(10000, 100, 0.01, 1e-05, 0.5) ('dropout_param', 'D') 3.052376842498646
(10000, 100, 0.01, 1e-05, 0.3) ('dropout_param', 'U') 9.307929346561234
(10000, 100, 0.01, 1e-05, 0.5) ('dropout_param', 'D') 19.8575457841751
(10000, 100, 0.01, 1e-05, 0.3) ('dropout_param', 'U') 14.75244895331378
(10000, 100, 0.01, 1e-05, 0.5) ('dropout_param', 'D') 26.626268218123133
(10000, 100, 0.01, 1e-05, 0.3) ('batch_size', 'U') 3.5605064392088512
(20000, 100, 0.01, 1e-05, 0.3) ('weight_decay', 'D') 1.6539298664572741
(20000, 100, 0.01, 1e-08, 0.3) ('batch_size', 'U') 1.5775445364909175
(30000, 100, 0.01, 1e-08, 0.3) ('lr', 'U') 1.5349131219559191
(30000, 100, 0.1, 1e-08, 0.3) ('batch_size', 'D') 1.4621690741444717
(20000, 100, 0.1, 1e-08, 0.3) ('weight_decay', 'U') 1.5877810678660595
(20000, 100, 0.1, 1e-05, 0.3) ('weight_decay', 'U') 1.6130345623550952
(20000, 100, 0.1, 0.001, 0.3) ('n_epochs', 'U') 1.6252381635858542
(20000, 150, 0.1, 0.001, 0.3) ('n_epochs', 'S') 1.6220529520007383
(20000, 150, 0.1, 0.001, 0.3) ('n_epochs', 'S') 2.1948959596608235
(20000, 150, 0.1, 0.001, 0.3) ('n_epochs', 'S') 2.7200804596636705
(20000, 150, 0.1, 0.001, 0.3) ('n_epochs', 'S') 3.258737468094134
(20000, 150, 0.1, 0.001, 0.3) ('n_epochs', 'S') 3.7845542936007313
(20000, 150, 0.1, 0.001, 0.3) ('n_epochs', 'S') 4.345177169094544
(20000, 150, 0.1, 0.001, 0.3) ('n_epochs', 'S') 4.833460857992911
(20000, 150, 0.1, 0.001, 0.3) ('n_epochs', 'S') 5.1470444099003
(20000, 150, 0.1, 0.001, 0.3) ('n_epochs', 'S') 5.451662956862771
(20000, 150, 0.1, 0.001, 0.3) ('n_epochs', 'S') 5.753404974010137
(20000, 150, 0.1, 0.001, 0.3) ('n_epochs', 'S') 6.067274968507657
(20000, 150, 0.1, 0.001, 0.3) ('n_epochs', 'S') 6.362293197865582
(20000, 150, 0.1, 0.001, 0.3) ('n_epochs', 'S') 6.636052454338739
(20000, 150, 0.1, 0.001, 0.3) ('n_epochs', 'S') 6.944287741497757
(20000, 150, 0.1, 0.001, 0.3) ('n_epochs', 'S') 7.245371011763024
(20000, 150, 0.1, 0.001, 0.3) ('n_epochs', 'S') 7.50838739670239
(20000, 150, 0.1, 0.001, 0.3) ('n_epochs', 'S') 7.784614941520319
(20000, 150, 0.1, 0.001, 0.3) ('n_epochs', 'S') 8.043519791429551
(20000, 150, 0.1, 0.001, 0.3) ('n_epochs', 'S') 8.325475070761694
(20000, 150, 0.1, 0.001, 0.3) ('n_epochs', 'S') 8.593588167499473
(20000, 150, 0.1, 0.001, 0.3) ('n_epochs', 'S') 8.915388442734702
(20000, 150, 0.1, 0.001, 0.3) ('n_epochs', 'S') 9.126426686164304
(20000, 150, 0.1, 0.001, 0.3) ('n_epochs', 'S') 9.36144274970493
(20000, 150, 0.1, 0.001, 0.3) ('n_epochs', 'S') 9.596904842178834
(20000, 150, 0.1, 0.001, 0.3) ('n_epochs', 'S') 9.811813990938644
(20000, 150, 0.1, 0.001, 0.3) ('n_epochs', 'S') 10.042664511693562
(20000, 150, 0.1, 0.001, 0.3) ('n_epochs', 'S') 10.245573333594235
(20000, 150, 0.1, 0.001, 0.3) ('n_epochs', 'S') 10.49765403095512
(20000, 150, 0.1, 0.001, 0.3) ('n_epochs', 'S') 10.639803080735263
(20000, 150, 0.1, 0.001, 0.3) ('n_epochs', 'S') 10.860863445281915
(20000, 150, 0.1, 0.001, 0.3) ('n_epochs', 'S') 11.02699478579398
(20000, 150, 0.1, 0.001, 0.3) ('n_epochs', 'S') 11.23958116994882
(20000, 150, 0.1, 0.001, 0.3) ('n_epochs', 'S') 11.279099255826079
(20000, 150, 0.1, 0.001, 0.3) ('n_epochs', 'S') 11.35426614119475
(20000, 150, 0.1, 0.001, 0.3) ('n_epochs', 'S') 11.425302613075324
(20000, 150, 0.1, 0.001, 0.3) ('n_epochs', 'S') 12.251667139286043
(20000, 150, 0.1, 0.001, 0.3) ('n_epochs', 'S') 12.313923355293175
(20000, 150, 0.1, 0.001, 0.3) ('n_epochs', 'S') 12.370019846121892
(20000, 150, 0.1, 0.001, 0.3) ('n_epochs', 'S') 12.43332783355784
(20000, 150, 0.1, 0.001, 0.3) ('n_epochs', 'S') 12.490181659970618
(20000, 150, 0.1, 0.001, 0.3) ('n_epochs', 'S') 12.554195158917086
(20000, 150, 0.1, 0.001, 0.3) ('n_epochs', 'S') 12.613796750677865
(20000, 150, 0.1, 0.001, 0.3) ('n_epochs', 'S') 12.674944615532182
(20000, 150, 0.1, 0.001, 0.3) ('n_epochs', 'S') 12.695405017423976
(20000, 150, 0.1, 0.001, 0.3) ('n_epochs', 'S') 12.761875138228316
(20000, 150, 0.1, 0.001, 0.3) ('n_epochs', 'S') 12.82167674764783
(20000, 150, 0.1, 0.001, 0.3) ('n_epochs', 'S') 12.886684429234235
(20000, 150, 0.1, 0.001, 0.3) ('n_epochs', 'S') 12.94778215595299
(20000, 150, 0.1, 0.001, 0.3) ('n_epochs', 'S') 13.005357440813915
(20000, 150, 0.1, 0.001, 0.3) ('n_epochs', 'S') 13.394489436568804
(20000, 150, 0.1, 0.001, 0.3) ('n_epochs', 'S') 13.458872103041827
(20000, 150, 0.1, 0.001, 0.3) ('n_epochs', 'S') 13.512125988696896
(20000, 150, 0.1, 0.001, 0.3) ('n_epochs', 'S') 13.576649065356982
(20000, 150, 0.1, 0.001, 0.3) ('n_epochs', 'S') 13.643255750043814
(20000, 150, 0.1, 0.001, 0.3) ('n_epochs', 'S') 13.686443761320946
(20000, 150, 0.1, 0.001, 0.3) ('n_epochs', 'S') 13.746077033510103
(20000, 150, 0.1, 0.001, 0.3) ('n_epochs', 'S') 13.787361482962197
(10000, 200, 1e-06, 1e-05, 0.3) ('dropout_param', 'U') -2.6674900742138345
(10000, 200, 1e-06, 1e-05, 0.5) ('weight_decay', 'D') -4.507818756326171
(10000, 200, 1e-06, 1e-08, 0.5) ('n_epochs', 'S') -4.5436561306139716
(10000, 200, 1e-06, 1e-08, 0.5) ('n_epochs', 'U') -1.8410731060582717
(10000, 250, 1e-06, 1e-08, 0.5) ('weight_decay', 'U') -2.072788919061435
(10000, 250, 1e-06, 1e-05, 0.5) ('lr', 'U') 0.7044680041961608
(10000, 250, 0.0001, 1e-05, 0.5) ('lr', 'U') 15.541131572723149
(10000, 250, 0.01, 1e-05, 0.5) ('lr', 'U') 2.1371635044581003
(10000, 250, 0.1, 1e-05, 0.5) ('lr', 'U') -1.8624592504609776
(10000, 250, 1, 1e-05, 0.5) ('dropout_param', 'U') -1.8639812071625146
(10000, 250, 1, 1e-05, 0.8) ('batch_size', 'U') -1.7433719803810188
(20000, 250, 1, 1e-05, 0.8) ('batch_size', 'D') -1.7465109842945092
(10000, 250, 1, 1e-05, 0.8) ('n_epochs', 'D') -1.7389355899467658
(10000, 200, 1, 1e-05, 0.8) ('batch_size', 'D') -1.7544801430830828
(5000, 200, 1, 1e-05, 0.8) ('n_epochs', 'U') -1.8760028793699055
(5000, 250, 1, 1e-05, 0.8) ('weight_decay', 'U') -1.7612085730388682
(5000, 250, 1, 0.001, 0.8) ('batch_size', 'U') -1.7390527728705463
(10000, 250, 1, 0.001, 0.8) ('weight_decay', 'D') -1.860627399492425
(10000, 250, 1, 1e-05, 0.8) ('dropout_param', 'D') -1.8922314549264128
(10000, 250, 1, 1e-05, 0.5) ('lr', 'D') 2.125990246781346
(10000, 250, 0.1, 1e-05, 0.5) ('dropout_param', 'U') 9.15479190826392
(10000, 250, 0.1, 1e-05, 0.8) ('weight_decay', 'U') 1.5721088973971642
(10000, 250, 0.1, 0.001, 0.8) ('lr', 'U') -1.7457344278710307
(10000, 250, 1, 0.001, 0.8) ('lr', 'D') 1.4747739514610518
(10000, 250, 0.1, 0.001, 0.8) ('weight_decay', 'U') 0.21197238059239631
(10000, 250, 0.1, 0.01, 0.8) ('weight_decay', 'D') 1.265278432861662
(10000, 250, 0.1, 0.001, 0.8) ('dropout_param', 'D') 1.2476352804028097
(10000, 250, 0.1, 0.001, 0.5) ('weight_decay', 'U') 1.2065129763057088
(10000, 250, 0.1, 0.01, 0.5) ('dropout_param', 'D') 1.1706522658183922
(10000, 250, 0.1, 0.01, 0.3) ('weight_decay', 'U') -0.772051797096418
(10000, 250, 0.1, 1, 0.3) ('lr', 'U') -0.7851951787441833
(10000, 250, 1, 1, 0.3) ('batch_size', 'D') -0.7630527876509254
(5000, 250, 1, 1, 0.3) ('lr', 'D') -0.760786784969818
(5000, 250, 0.1, 1, 0.3) ('lr', 'D') -0.7717669727623941
(5000, 250, 0.01, 1, 0.3) ('lr', 'U') -0.7619565537300566
(5000, 250, 0.1, 1, 0.3) ('n_epochs', 'S') -0.7619565537300566
(5000, 250, 0.1, 1, 0.3) ('batch_size', 'U') -0.7784924629663563
(10000, 250, 0.1, 1, 0.3) ('weight_decay', 'D') 1.247827995598739
(10000, 250, 0.1, 0.01, 0.3) ('lr', 'U') -0.9705636691838371
(10000, 250, 1, 0.01, 0.3) ('n_epochs', 'S') -11.448135832999155
(10000, 250, 1, 0.01, 0.3) ('n_epochs', 'D') -0.8776023526768859
(10000, 200, 1, 0.01, 0.3) ('weight_decay', 'D') -0.5238185092726524
(10000, 200, 1, 0.001, 0.3) ('weight_decay', 'U') -0.042693684746369254
(10000, 200, 1, 0.01, 0.3) ('batch_size', 'D') -0.5237882319983931
(5000, 200, 1, 0.01, 0.3) ('lr', 'D') 0.8347741062889064
(5000, 200, 0.1, 0.01, 0.3) ('weight_decay', 'U') -0.7799641266615338
(5000, 200, 0.1, 1, 0.3) ('n_epochs', 'S') -0.7771016466216394
(5000, 200, 0.1, 1, 0.3) ('n_epochs', 'D') -0.7811929448121702
(5000, 150, 0.1, 1, 0.3) ('dropout_param', 'U') -0.7688270973644591
(5000, 150, 0.1, 1, 0.5) ('n_epochs', 'D') -0.7747694586414098
(5000, 100, 0.1, 1, 0.5) ('lr', 'U') -0.06829317773617816
(5000, 100, 1, 1, 0.5) ('dropout_param', 'D') -0.0561967165004007
(5000, 100, 1, 1, 0.3) ('n_epochs', 'S') -0.05497015824325269
(5000, 100, 1, 1, 0.3) ('n_epochs', 'U') -0.05551640742636588
