(20000, 200, 0.1, 1e-08, 0.8) ('lr', 'D') 1.8013230928599842
(20000, 200, 0.01, 1e-08, 0.8) ('n_epochs', 'S') 1.8977130075393784
(20000, 200, 0.01, 1e-08, 0.8) ('n_epochs', 'S') 2.634541615326682
(20000, 200, 0.01, 1e-08, 0.8) ('n_epochs', 'S') 3.3715573084978234
(20000, 200, 0.01, 1e-08, 0.8) ('n_epochs', 'S') 4.00337735176535
(20000, 200, 0.01, 1e-08, 0.8) ('n_epochs', 'S') 4.526806598256752
(20000, 200, 0.01, 1e-08, 0.8) ('n_epochs', 'S') 5.171825267315475
(20000, 200, 0.01, 1e-08, 0.8) ('n_epochs', 'S') 5.8543065789907685
(20000, 200, 0.01, 1e-08, 0.8) ('n_epochs', 'S') 6.379948502250075
(20000, 200, 0.01, 1e-08, 0.8) ('batch_size', 'D') 2.074389474191425
(10000, 200, 0.01, 1e-08, 0.8) ('n_epochs', 'U') 2.083463275138447
(10000, 250, 0.01, 1e-08, 0.8) ('batch_size', 'D') 2.0264113104385766
(5000, 250, 0.01, 1e-08, 0.8) ('n_epochs', 'D') 1.9958567852825195
(5000, 200, 0.01, 1e-08, 0.8) ('weight_decay', 'U') 1.791323398375589
(5000, 200, 0.01, 1e-05, 0.8) ('weight_decay', 'U') 5.5686784553525435
(5000, 200, 0.01, 0.001, 0.8) ('weight_decay', 'U') 1.5902612387610364
(5000, 200, 0.01, 0.01, 0.8) ('weight_decay', 'D') 2.674655860878731
(5000, 200, 0.01, 0.001, 0.8) ('weight_decay', 'U') 3.087696717368873
(5000, 200, 0.01, 0.01, 0.8) ('weight_decay', 'D') 4.124972878979783
(5000, 200, 0.01, 0.001, 0.8) ('weight_decay', 'U') 4.468587731378938
(5000, 200, 0.01, 0.01, 0.8) ('weight_decay', 'D') 5.9232104273466035
(5000, 200, 0.01, 0.001, 0.8) ('weight_decay', 'U') 6.249191528109358
(5000, 200, 0.01, 0.01, 0.8) ('weight_decay', 'D') 7.104135696585928
(5000, 200, 0.01, 0.001, 0.8) ('lr', 'D') 0.820945970676487
(5000, 200, 0.0001, 0.001, 0.8) ('lr', 'U') 9.948912409487363
(5000, 200, 0.01, 0.001, 0.8) ('weight_decay', 'U') 6.868548865686678
(5000, 200, 0.01, 0.01, 0.8) ('weight_decay', 'D') 7.488182516159488
(5000, 200, 0.01, 0.001, 0.8) ('weight_decay', 'U') 7.3598794291448915
(5000, 200, 0.01, 0.01, 0.8) ('weight_decay', 'D') 9.747756364700534
(5000, 200, 0.01, 0.001, 0.8) ('weight_decay', 'U') 8.652152082764992
(5000, 200, 0.01, 0.01, 0.8) ('weight_decay', 'D') 9.179275234856567
(5000, 200, 0.01, 0.001, 0.8) ('weight_decay', 'U') 9.05328594893166
(5000, 200, 0.01, 0.01, 0.8) ('weight_decay', 'D') 9.55418948623016
(5000, 200, 0.01, 0.001, 0.8) ('weight_decay', 'U') 9.37196958478143
(5000, 200, 0.01, 0.01, 0.8) ('weight_decay', 'D') 12.120654609240617
(5000, 200, 0.01, 0.001, 0.8) ('weight_decay', 'U') 10.818725213215473
(5000, 200, 0.01, 0.01, 0.8) ('weight_decay', 'D') 14.741978815199282
(5000, 200, 0.01, 0.001, 0.8) ('weight_decay', 'U') 12.791816536830133
(5000, 200, 0.01, 0.01, 0.8) ('weight_decay', 'D') 18.40874786577375
(5000, 200, 0.01, 0.001, 0.8) ('weight_decay', 'U') 15.53088178393814
(5000, 200, 0.01, 0.01, 0.8) ('weight_decay', 'D') 17.24053067771863
(5000, 200, 0.01, 0.001, 0.8) ('weight_decay', 'U') 16.323513651334228
(5000, 200, 0.01, 0.01, 0.8) ('weight_decay', 'D') 17.03708621725274
(5000, 200, 0.01, 0.001, 0.8) ('weight_decay', 'U') 16.558326819515585
(5000, 200, 0.01, 0.01, 0.8) ('batch_size', 'U') 1.4897187592675238
(10000, 200, 0.01, 0.01, 0.8) ('weight_decay', 'D') 8.627795314788685
(10000, 200, 0.01, 0.001, 0.8) ('n_epochs', 'S') 6.593488788604603
(10000, 200, 0.01, 0.001, 0.8) ('n_epochs', 'S') 8.310525176524852
(10000, 200, 0.01, 0.001, 0.8) ('n_epochs', 'S') 13.57581550246438
(10000, 200, 0.01, 0.001, 0.8) ('n_epochs', 'S') 16.841762026218554
(10000, 200, 0.01, 0.001, 0.8) ('n_epochs', 'S') 20.59430308010864
(10000, 200, 0.01, 0.001, 0.8) ('n_epochs', 'S') 23.355537955598827
(10000, 200, 0.01, 0.001, 0.8) ('n_epochs', 'S') 28.390100687808953
(10000, 200, 0.01, 0.001, 0.8) ('n_epochs', 'S') 28.359167903585206
(10000, 200, 0.01, 0.001, 0.8) ('n_epochs', 'S') 32.29854269124473
(10000, 200, 0.01, 0.001, 0.8) ('n_epochs', 'S') 35.260438490390136
(10000, 200, 0.01, 0.001, 0.8) ('n_epochs', 'S') 37.53775196766067
(10000, 200, 0.01, 0.001, 0.8) ('n_epochs', 'S') 37.87206699384026
(10000, 200, 0.01, 0.001, 0.8) ('n_epochs', 'S') 38.591360485392535
(10000, 200, 0.01, 0.001, 0.8) ('n_epochs', 'S') 42.392809196611324
(10000, 200, 0.01, 0.001, 0.8) ('n_epochs', 'S') 45.10637384577145
(10000, 200, 0.01, 0.001, 0.8) ('n_epochs', 'S') 45.441958089616776
(10000, 200, 0.01, 0.001, 0.8) ('n_epochs', 'S') 46.70949358567357
(10000, 200, 0.01, 0.001, 0.8) ('n_epochs', 'S') 47.99860681238155
(10000, 200, 0.01, 0.001, 0.8) ('n_epochs', 'S') 47.46683295235273
(10000, 200, 0.01, 0.001, 0.8) ('n_epochs', 'S') 49.94603691329807
(10000, 200, 0.01, 0.001, 0.8) ('n_epochs', 'S') 49.597042073016326
(10000, 200, 0.01, 0.001, 0.8) ('n_epochs', 'S') 51.81094071285606
(10000, 200, 0.01, 0.001, 0.8) ('n_epochs', 'S') 53.33037694396001
(10000, 200, 0.01, 0.001, 0.8) ('n_epochs', 'S') 55.14852908551586
(10000, 200, 0.01, 0.001, 0.8) ('n_epochs', 'S') 58.762059377535046
(10000, 200, 0.01, 0.001, 0.8) ('n_epochs', 'S') 61.874351879358514
(10000, 200, 0.01, 0.001, 0.8) ('n_epochs', 'S') 62.46875142126693
(10000, 200, 0.01, 0.001, 0.8) ('n_epochs', 'S') 66.06796501918002
(10000, 200, 0.01, 0.001, 0.8) ('n_epochs', 'S') 66.9792611604999
(10000, 200, 0.01, 0.001, 0.8) ('n_epochs', 'S') 68.34175731838145
(10000, 200, 0.01, 0.001, 0.8) ('n_epochs', 'S') 69.35244931151364
(10000, 200, 0.01, 0.001, 0.8) ('n_epochs', 'S') 69.6154139707788
(10000, 200, 0.01, 0.001, 0.8) ('n_epochs', 'S') 69.89476638624592
(10000, 200, 0.01, 0.001, 0.8) ('n_epochs', 'S') 70.97792118590645
(10000, 200, 0.01, 0.001, 0.8) ('n_epochs', 'S') 71.9122514362391
(10000, 200, 0.01, 0.001, 0.8) ('n_epochs', 'S') 72.68425574988918
(10000, 200, 0.01, 0.001, 0.8) ('n_epochs', 'S') 72.734044863138
(10000, 200, 0.01, 0.001, 0.8) ('n_epochs', 'S') 73.60642715194484
(10000, 200, 0.01, 0.001, 0.8) ('n_epochs', 'S') 75.12467459916239
(10000, 200, 0.01, 0.001, 0.8) ('n_epochs', 'S') 76.54514898159869
(10000, 200, 0.01, 0.001, 0.8) ('n_epochs', 'S') 77.34578524383178
(10000, 200, 0.01, 0.001, 0.8) ('n_epochs', 'S') 77.09225905196722
(10000, 200, 0.01, 0.001, 0.8) ('n_epochs', 'S') 77.69870964482992
(10000, 200, 0.01, 0.001, 0.8) ('n_epochs', 'S') 78.46210685130545
(10000, 200, 0.01, 0.001, 0.8) ('n_epochs', 'S') 78.08152845354059
(10000, 200, 0.01, 0.001, 0.8) ('n_epochs', 'S') 79.05794591503262
(10000, 200, 0.01, 0.001, 0.8) ('n_epochs', 'S') 78.83047425491543
(10000, 200, 0.01, 0.001, 0.8) ('n_epochs', 'S') 79.70062699838692
(10000, 200, 0.01, 0.001, 0.8) ('n_epochs', 'S') 80.28879054277729
(10000, 200, 0.01, 0.001, 0.8) ('n_epochs', 'S') 80.78263934900502
(10000, 200, 0.01, 0.001, 0.8) ('n_epochs', 'S') 80.98869147666183
(10000, 200, 0.01, 0.001, 0.8) ('n_epochs', 'S') 81.58495823198601
(10000, 200, 0.01, 0.001, 0.8) ('n_epochs', 'S') 82.52347375607263
(10000, 200, 0.01, 0.001, 0.8) ('n_epochs', 'S') 83.55343899456153
(5000, 150, 0.01, 0.001, 0.3) ('weight_decay', 'U') 2.0600011784623806
(5000, 150, 0.01, 0.01, 0.3) ('lr', 'D') 1.8708279772830163
(5000, 150, 0.0001, 0.01, 0.3) ('n_epochs', 'U') 1.95226038202492
(5000, 200, 0.0001, 0.01, 0.3) ('batch_size', 'U') 1.098759082112156
(10000, 200, 0.0001, 0.01, 0.3) ('n_epochs', 'D') 0.8503714845364757
(10000, 150, 0.0001, 0.01, 0.3) ('n_epochs', 'D') 1.091463030539084
(10000, 100, 0.0001, 0.01, 0.3) ('weight_decay', 'D') 0.7631776981657711
(10000, 100, 0.0001, 0.001, 0.3) ('dropout_param', 'U') 0.5580892898791052
(10000, 100, 0.0001, 0.001, 0.5) ('batch_size', 'U') -4.475753722198899
(20000, 100, 0.0001, 0.001, 0.5) ('lr', 'D') -2.0386217971133735
(20000, 100, 1e-06, 0.001, 0.5) ('n_epochs', 'U') -1.6843147532727767
(20000, 150, 1e-06, 0.001, 0.5) ('weight_decay', 'U') -1.688680054590459
(20000, 150, 1e-06, 0.01, 0.5) ('dropout_param', 'D') -4.08758100031373
(20000, 150, 1e-06, 0.01, 0.3) ('n_epochs', 'D') -5.003803583144728
(20000, 100, 1e-06, 0.01, 0.3) ('lr', 'U') -1.6104016378495847
(20000, 100, 0.0001, 0.01, 0.3) ('lr', 'U') 26.168043689727543
(20000, 100, 0.01, 0.01, 0.3) ('weight_decay', 'D') 44.76487167358375
(20000, 100, 0.01, 0.001, 0.3) ('weight_decay', 'D') 2.1735886510443105
(20000, 100, 0.01, 1e-05, 0.3) ('n_epochs', 'D') 2.032366951427534
(20000, 10, 0.01, 1e-05, 0.3) ('weight_decay', 'U') 35.12125738143897
(20000, 10, 0.01, 0.001, 0.3) ('n_epochs', 'S') 34.986610488891365
(20000, 10, 0.01, 0.001, 0.3) ('batch_size', 'D') 62.62731082916236
(10000, 10, 0.01, 0.001, 0.3) ('weight_decay', 'D') 19.824619369506596
(10000, 10, 0.01, 1e-05, 0.3) ('batch_size', 'U') 31.139037430336497
(20000, 10, 0.01, 1e-05, 0.3) ('weight_decay', 'U') 80.96045642032577
(20000, 10, 0.01, 0.001, 0.3) ('batch_size', 'D') 77.54352529334984
(10000, 10, 0.01, 0.001, 0.3) ('weight_decay', 'D') 43.251280797445474
(10000, 10, 0.01, 1e-05, 0.3) ('batch_size', 'U') 54.57510131498094
(20000, 10, 0.01, 1e-05, 0.3) ('weight_decay', 'U') 88.83036716008132
(20000, 10, 0.01, 0.001, 0.3) ('batch_size', 'D') 90.06363002814695
(10000, 10, 0.01, 0.001, 0.3) ('weight_decay', 'D') 63.99388998894524
(10000, 10, 0.01, 1e-05, 0.3) ('batch_size', 'U') 70.07058737985261
(20000, 10, 0.01, 1e-05, 0.3) ('weight_decay', 'U') 97.69402692300017
(20000, 10, 0.01, 0.001, 0.3) ('batch_size', 'D') 107.91210901736724
(10000, 10, 0.01, 0.001, 0.3) ('weight_decay', 'D') 80.45686560146498
(10000, 10, 0.01, 1e-05, 0.3) ('batch_size', 'U') 82.0187719731212
(20000, 10, 0.01, 1e-05, 0.3) ('weight_decay', 'U') 112.01085196426232
(20000, 10, 0.01, 0.001, 0.3) ('batch_size', 'D') 126.98531342252267
(10000, 10, 0.01, 0.001, 0.3) ('weight_decay', 'D') 97.8231946722911
(10000, 10, 0.01, 1e-05, 0.3) ('batch_size', 'U') 94.26204034082373
(20000, 10, 0.01, 1e-05, 0.3) ('weight_decay', 'U') 130.8108117657883
(20000, 10, 0.01, 0.001, 0.3) ('batch_size', 'D') 139.22768996963146
(10000, 10, 0.01, 0.001, 0.3) ('weight_decay', 'D') 104.85136352943927
(10000, 10, 0.01, 1e-05, 0.3) ('batch_size', 'U') 109.82469583088843
(20000, 10, 0.01, 1e-05, 0.3) ('weight_decay', 'U') 132.0373064440915
(20000, 10, 0.01, 0.001, 0.3) ('batch_size', 'D') 148.62467357331707
(10000, 10, 0.01, 0.001, 0.3) ('weight_decay', 'D') 123.74413566924866
(10000, 10, 0.01, 1e-05, 0.3) ('batch_size', 'U') 118.15033154766718
(20000, 10, 0.01, 1e-05, 0.3) ('weight_decay', 'U') 141.281975780913
(20000, 10, 0.01, 0.001, 0.3) ('batch_size', 'D') 163.52955817230054
(10000, 10, 0.01, 0.001, 0.3) ('weight_decay', 'D') 134.46859183077495
(10000, 10, 0.01, 1e-05, 0.3) ('batch_size', 'U') 123.31440047664339
(20000, 10, 0.01, 1e-05, 0.3) ('weight_decay', 'U') 153.00392939823612
(20000, 10, 0.01, 0.001, 0.3) ('batch_size', 'D') 173.2086251879744
(10000, 10, 0.01, 0.001, 0.3) ('weight_decay', 'D') 140.81479323351735
(10000, 10, 0.01, 1e-05, 0.3) ('batch_size', 'U') 130.24067029693325
(20000, 10, 0.01, 1e-05, 0.3) ('weight_decay', 'U') 162.37513531678616
(20000, 10, 0.01, 0.001, 0.3) ('batch_size', 'D') 176.0623681593112
(10000, 10, 0.01, 0.001, 0.3) ('weight_decay', 'D') 144.0135431799545
(10000, 10, 0.01, 1e-05, 0.3) ('batch_size', 'U') 137.79810980123736
(20000, 10, 0.01, 1e-05, 0.3) ('weight_decay', 'U') 168.6190862113324
(20000, 10, 0.01, 0.001, 0.3) ('batch_size', 'D') 184.13255974650352
(10000, 10, 0.01, 0.001, 0.3) ('weight_decay', 'D') 150.33933821731875
(10000, 10, 0.01, 1e-05, 0.3) ('batch_size', 'U') 144.82920798412846
(20000, 10, 0.01, 1e-05, 0.3) ('weight_decay', 'U') 182.56454373005622
(20000, 10, 0.01, 0.001, 0.3) ('batch_size', 'D') 191.06330282462616
(10000, 10, 0.01, 0.001, 0.3) ('weight_decay', 'D') 156.70473894202837
(10000, 10, 0.01, 1e-05, 0.3) ('batch_size', 'U') 153.78470756092202
(20000, 10, 0.01, 1e-05, 0.3) ('weight_decay', 'U') 186.94593576798644
(20000, 10, 0.01, 0.001, 0.3) ('batch_size', 'D') 201.7377917795127
(10000, 10, 0.01, 0.001, 0.3) ('weight_decay', 'D') 166.53505715418123
(10000, 10, 0.01, 1e-05, 0.3) ('batch_size', 'U') 161.27043387177594
(20000, 10, 0.01, 1e-05, 0.3) ('weight_decay', 'U') 193.9284668019293
(20000, 10, 0.01, 0.001, 0.3) ('batch_size', 'D') 205.2624216011898
(10000, 10, 0.01, 0.001, 0.3) ('weight_decay', 'D') 171.08508558902574
(10000, 10, 0.01, 1e-05, 0.3) ('batch_size', 'U') 163.67480121686668
(20000, 10, 0.01, 1e-05, 0.3) ('weight_decay', 'U') 197.02976089391163
(20000, 10, 0.01, 0.001, 0.3) ('batch_size', 'D') 206.34429406235415
(10000, 10, 0.01, 0.001, 0.3) ('weight_decay', 'D') 173.5648228933451
(10000, 10, 0.01, 1e-05, 0.3) ('batch_size', 'U') 166.14182768449663
(20000, 10, 0.01, 1e-05, 0.3) ('weight_decay', 'U') 200.850734500698
(20000, 10, 0.01, 0.001, 0.3) ('batch_size', 'D') 208.57756211855363
(10000, 10, 0.01, 0.001, 0.3) ('weight_decay', 'D') 172.1171714809309
(10000, 10, 0.01, 1e-05, 0.3) ('batch_size', 'U') 168.72107252439338
(20000, 10, 0.01, 1e-05, 0.3) ('weight_decay', 'U') 203.64954400114613
(20000, 10, 0.01, 0.001, 0.3) ('batch_size', 'D') 209.74145607250875
(10000, 10, 0.01, 0.001, 0.3) ('weight_decay', 'D') 173.59801681530652
(10000, 10, 0.01, 1e-05, 0.3) ('batch_size', 'U') 171.3086906247443
(20000, 10, 0.01, 1e-05, 0.3) ('weight_decay', 'U') 203.93431496100087
(20000, 10, 0.01, 0.001, 0.3) ('batch_size', 'D') 212.74221818545368
(10000, 10, 0.01, 0.001, 0.3) ('weight_decay', 'D') 174.9409841749808
(10000, 10, 0.01, 1e-05, 0.3) ('batch_size', 'U') 173.66536463312522
(20000, 10, 0.01, 1e-05, 0.3) ('weight_decay', 'U') 203.768710533919
(20000, 10, 0.01, 0.001, 0.3) ('batch_size', 'D') 212.2710708747314
(10000, 10, 0.01, 0.001, 0.3) ('weight_decay', 'D') 177.3012851254128
(10000, 10, 0.01, 1e-05, 0.3) ('batch_size', 'U') 175.7752429903992
(20000, 10, 0.01, 1e-05, 0.3) ('weight_decay', 'U') 207.3338744777867
(20000, 10, 0.01, 0.001, 0.3) ('batch_size', 'D') 215.3531582313502
(10000, 10, 0.01, 0.001, 0.3) ('weight_decay', 'D') 180.21494791976824
(10000, 10, 0.01, 1e-05, 0.3) ('batch_size', 'U') 177.99779031076642
(20000, 250, 1e-06, 0.001, 0.8) ('weight_decay', 'D') -4.638747095341714
(20000, 250, 1e-06, 1e-05, 0.8) ('weight_decay', 'D') -1.7635700988070515
(20000, 250, 1e-06, 1e-08, 0.8) ('dropout_param', 'D') -2.3842115960122836
(20000, 250, 1e-06, 1e-08, 0.5) ('dropout_param', 'D') -4.32993835309497
(20000, 250, 1e-06, 1e-08, 0.3) ('lr', 'U') -2.1589678302275037
(20000, 250, 0.0001, 1e-08, 0.3) ('batch_size', 'D') 0.7957950707801255
(10000, 250, 0.0001, 1e-08, 0.3) ('n_epochs', 'D') 0.95405613519918
(10000, 200, 0.0001, 1e-08, 0.3) ('n_epochs', 'S') 0.919734217466237
(10000, 200, 0.0001, 1e-08, 0.3) ('lr', 'D') -1.7603069664210809
(10000, 200, 1e-06, 1e-08, 0.3) ('n_epochs', 'D') -2.1539236656829277
(10000, 150, 1e-06, 1e-08, 0.3) ('batch_size', 'D') -4.127576236770608
(5000, 150, 1e-06, 1e-08, 0.3) ('dropout_param', 'U') -3.9608118998288564
(5000, 150, 1e-06, 1e-08, 0.5) ('weight_decay', 'U') -2.4852775511118477
(5000, 150, 1e-06, 1e-05, 0.5) ('dropout_param', 'D') -2.4048731580510436
(5000, 150, 1e-06, 1e-05, 0.3) ('n_epochs', 'U') -1.8869918920695161
(5000, 200, 1e-06, 1e-05, 0.3) ('n_epochs', 'S') -3.0820100309780205
(5000, 200, 1e-06, 1e-05, 0.3) ('weight_decay', 'D') -1.9647845312692982
(5000, 200, 1e-06, 1e-08, 0.3) ('n_epochs', 'U') -4.558459358500116
(5000, 250, 1e-06, 1e-08, 0.3) ('n_epochs', 'D') -3.4195115560912335
(5000, 200, 1e-06, 1e-08, 0.3) ('n_epochs', 'U') -2.587983226575018
(5000, 250, 1e-06, 1e-08, 0.3) ('weight_decay', 'U') -1.988660435975952
(5000, 250, 1e-06, 1e-05, 0.3) ('dropout_param', 'U') -2.0846527638466417
(5000, 250, 1e-06, 1e-05, 0.5) ('n_epochs', 'S') -3.618096568108366
(5000, 250, 1e-06, 1e-05, 0.5) ('weight_decay', 'D') -2.660462499880396
(5000, 250, 1e-06, 1e-08, 0.5) ('n_epochs', 'D') -2.4443004443040186
(5000, 200, 1e-06, 1e-08, 0.5) ('weight_decay', 'U') -0.5978729634275672
(5000, 200, 1e-06, 1e-05, 0.5) ('batch_size', 'U') -1.2561523036103366
(10000, 200, 1e-06, 1e-05, 0.5) ('n_epochs', 'D') -0.9534456772642215
(10000, 150, 1e-06, 1e-05, 0.5) ('dropout_param', 'U') -1.2405954939885198
(10000, 150, 1e-06, 1e-05, 0.8) ('n_epochs', 'D') -1.5543365275766674
(10000, 100, 1e-06, 1e-05, 0.8) ('batch_size', 'D') -0.6369661622517255
(5000, 100, 1e-06, 1e-05, 0.8) ('n_epochs', 'S') -0.6765031132387356
(5000, 100, 1e-06, 1e-05, 0.8) ('lr', 'U') 0.6977560761508549
(5000, 100, 0.0001, 1e-05, 0.8) ('weight_decay', 'U') 0.9071436245973302
(5000, 100, 0.0001, 0.001, 0.8) ('batch_size', 'U') -1.011222735190818
(10000, 100, 0.0001, 0.001, 0.8) ('lr', 'D') -2.0403203608510885
(10000, 100, 1e-06, 0.001, 0.8) ('n_epochs', 'U') -0.9090711752206473
(10000, 150, 1e-06, 0.001, 0.8) ('n_epochs', 'D') -0.819849042588332
(10000, 100, 1e-06, 0.001, 0.8) ('n_epochs', 'S') -1.2956707941728758
(10000, 100, 1e-06, 0.001, 0.8) ('batch_size', 'U') -0.5489437655199594
(20000, 100, 1e-06, 0.001, 0.8) ('n_epochs', 'S') -1.1335194463162899
(20000, 100, 1e-06, 0.001, 0.8) ('n_epochs', 'D') -0.5899214484109385
(20000, 10, 1e-06, 0.001, 0.8) ('dropout_param', 'D') -2.356536468293841
(20000, 10, 1e-06, 0.001, 0.5) ('lr', 'U') -0.4918407514848453
(20000, 10, 0.0001, 0.001, 0.5) ('weight_decay', 'U') -0.4836254734892953
(20000, 10, 0.0001, 0.01, 0.5) ('lr', 'D') -2.0002202588414923
(20000, 10, 1e-06, 0.01, 0.5) ('dropout_param', 'D') -0.49565110884196306
(20000, 10, 1e-06, 0.01, 0.3) ('n_epochs', 'U') -0.5480605288540921
(20000, 100, 1e-06, 0.01, 0.3) ('dropout_param', 'U') -1.0835806873488507
(20000, 100, 1e-06, 0.01, 0.5) ('n_epochs', 'D') -0.6758319804219517
(20000, 10, 1e-06, 0.01, 0.5) ('weight_decay', 'D') 0.0494747400751222
(20000, 10, 1e-06, 0.001, 0.5) ('dropout_param', 'U') 0.004850462170691738
(20000, 10, 1e-06, 0.001, 0.8) ('weight_decay', 'D') -0.11764510539219808
(20000, 10, 1e-06, 1e-05, 0.8) ('dropout_param', 'D') -0.7628688591321093
(20000, 10, 1e-06, 1e-05, 0.5) ('n_epochs', 'U') 0.07867832119384055
(20000, 100, 1e-06, 1e-05, 0.5) ('batch_size', 'D') 0.08487054027308283
(10000, 100, 1e-06, 1e-05, 0.5) ('dropout_param', 'D') -0.31451993095385267
(10000, 100, 1e-06, 1e-05, 0.3) ('weight_decay', 'D') -0.20870682501543247
(10000, 100, 1e-06, 1e-08, 0.3) ('batch_size', 'D') -0.2799778037120164
(5000, 100, 1e-06, 1e-08, 0.3) ('batch_size', 'U') 0.04408496198775247
(10000, 100, 1e-06, 1e-08, 0.3) ('n_epochs', 'S') -0.6902381592601003
(10000, 100, 1e-06, 1e-08, 0.3) ('batch_size', 'U') -1.2544444627795803
(20000, 100, 1e-06, 1e-08, 0.3) ('batch_size', 'U') -0.6887441188815147
(30000, 100, 1e-06, 1e-08, 0.3) ('dropout_param', 'U') -0.2335999919060321
(30000, 100, 1e-06, 1e-08, 0.5) ('weight_decay', 'U') -0.5634496372636981
(30000, 100, 1e-06, 1e-05, 0.5) ('weight_decay', 'D') -0.654853619999954
(30000, 100, 1e-06, 1e-08, 0.5) ('lr', 'U') -0.7472555585009915
(30000, 100, 0.0001, 1e-08, 0.5) ('lr', 'D') 0.03614828223226141
(30000, 100, 1e-06, 1e-08, 0.5) ('dropout_param', 'D') -0.06540576787816477
(30000, 100, 1e-06, 1e-08, 0.3) ('n_epochs', 'D') 0.07749265172995479
(30000, 10, 1e-06, 1e-08, 0.3) ('n_epochs', 'U') 0.11027323176123638
(30000, 100, 1e-06, 1e-08, 0.3) ('n_epochs', 'U') -0.4406525884814656
(30000, 150, 1e-06, 1e-08, 0.3) ('lr', 'U') -0.2316674495958979
(30000, 150, 0.0001, 1e-08, 0.3) ('n_epochs', 'D') -0.2659313410758031
(30000, 100, 0.0001, 1e-08, 0.3) ('dropout_param', 'U') 0.016230677145804062
(30000, 100, 0.0001, 1e-08, 0.5) ('n_epochs', 'D') 0.6942369442349356
(30000, 10, 0.0001, 1e-08, 0.5) ('n_epochs', 'U') 0.6693659941145851
(30000, 100, 0.0001, 1e-08, 0.5) ('n_epochs', 'S') 0.40950648359323594
(30000, 100, 0.0001, 1e-08, 0.5) ('n_epochs', 'U') 0.5566140595689679
(30000, 150, 0.0001, 1e-08, 0.5) ('n_epochs', 'D') 0.4623107963281069
(30000, 100, 0.0001, 1e-08, 0.5) ('weight_decay', 'U') 0.499022205979912
(30000, 100, 0.0001, 1e-05, 0.5) ('dropout_param', 'U') 0.6511371464754622
(30000, 100, 0.0001, 1e-05, 0.8) ('weight_decay', 'U') 0.65007114766571
(30000, 100, 0.0001, 0.001, 0.8) ('dropout_param', 'D') 0.699783856996685
(30000, 100, 0.0001, 0.001, 0.5) ('n_epochs', 'D') 0.5833019246433626
(30000, 10, 0.0001, 0.001, 0.5) ('n_epochs', 'U') 0.6108785407678117
(30000, 100, 0.0001, 0.001, 0.5) ('weight_decay', 'U') 0.46217068712990017
(30000, 100, 0.0001, 0.01, 0.5) ('lr', 'U') 1.1248561839074644
(30000, 100, 0.01, 0.01, 0.5) ('dropout_param', 'D') 1.6279131126403543
(30000, 100, 0.01, 0.01, 0.3) ('weight_decay', 'U') 0.6467812401164491
(30000, 100, 0.01, 1, 0.3) ('lr', 'D') 0.6985297141698386
(30000, 100, 0.0001, 1, 0.3) ('weight_decay', 'D') 0.5013277911323311
(30000, 100, 0.0001, 0.01, 0.3) ('n_epochs', 'S') 0.6394771643483925
(30000, 100, 0.0001, 0.01, 0.3) ('weight_decay', 'D') 0.6747934665488391
(30000, 100, 0.0001, 0.001, 0.3) ('lr', 'U') 3.789117927551243
(30000, 100, 0.01, 0.001, 0.3) ('dropout_param', 'U') 4.970362777709934
(30000, 100, 0.01, 0.001, 0.5) ('n_epochs', 'U') 3.506234283447239
(30000, 150, 0.01, 0.001, 0.5) ('dropout_param', 'D') 3.6662131500243875
(30000, 150, 0.01, 0.001, 0.3) ('lr', 'D') 0.6990499383308401
(30000, 150, 0.0001, 0.001, 0.3) ('batch_size', 'D') 0.7029619591723194
(5000, 200, 1e-06, 0.001, 0.8) ('weight_decay', 'U') -1.7036826031090255
(5000, 200, 1e-06, 0.01, 0.8) ('lr', 'U') -3.273953190942965
(5000, 200, 0.0001, 0.01, 0.8) ('weight_decay', 'D') 8.676032238318001
(5000, 200, 0.0001, 0.001, 0.8) ('lr', 'U') 16.340260100210536
(5000, 200, 0.01, 0.001, 0.8) ('weight_decay', 'U') 16.801964001433486
(5000, 200, 0.01, 0.01, 0.8) ('n_epochs', 'S') 15.406967161200422
(5000, 200, 0.01, 0.01, 0.8) ('weight_decay', 'D') 21.785454203424298
(5000, 200, 0.01, 0.001, 0.8) ('weight_decay', 'U') 20.960352602376428
(5000, 200, 0.01, 0.01, 0.8) ('weight_decay', 'D') 21.293361701311415
(5000, 200, 0.01, 0.001, 0.8) ('weight_decay', 'U') 20.995083647423584
(5000, 200, 0.01, 0.01, 0.8) ('batch_size', 'U') 8.342829922711479
(10000, 200, 0.01, 0.01, 0.8) ('weight_decay', 'D') 83.47855022842664
(10000, 200, 0.01, 0.001, 0.8) ('batch_size', 'D') 19.272192763368395
(5000, 200, 0.01, 0.001, 0.8) ('weight_decay', 'U') 20.945897597623137
(5000, 200, 0.01, 0.01, 0.8) ('weight_decay', 'D') 21.247769220545642
(5000, 200, 0.01, 0.001, 0.8) ('weight_decay', 'D') 5.944074288260696
(5000, 200, 0.01, 1e-05, 0.8) ('weight_decay', 'U') 19.649695377014098
(5000, 200, 0.01, 0.001, 0.8) ('weight_decay', 'U') 20.85225136382322
(5000, 200, 0.01, 0.01, 0.8) ('weight_decay', 'D') 21.12722629615787
(5000, 200, 0.01, 0.001, 0.8) ('weight_decay', 'U') 20.830959793944853
(5000, 200, 0.01, 0.01, 0.8) ('weight_decay', 'D') 21.11453667440661
(5000, 200, 0.01, 0.001, 0.8) ('weight_decay', 'U') 20.860394171797687
(5000, 200, 0.01, 0.01, 0.8) ('weight_decay', 'D') 21.147435324981856
(5000, 200, 0.01, 0.001, 0.8) ('weight_decay', 'U') 20.883986026163257
(5000, 200, 0.01, 0.01, 0.8) ('weight_decay', 'D') 24.33907613625913
(5000, 200, 0.01, 0.001, 0.8) ('weight_decay', 'U') 22.344752686837275
(5000, 200, 0.01, 0.01, 0.8) ('weight_decay', 'D') 23.418423693261886
(5000, 200, 0.01, 0.001, 0.8) ('weight_decay', 'U') 22.64777064085993
(5000, 200, 0.01, 0.01, 0.8) ('weight_decay', 'D') 23.33698766361252
(5000, 200, 0.01, 0.001, 0.8) ('weight_decay', 'U') 22.816060429728818
(5000, 200, 0.01, 0.01, 0.8) ('weight_decay', 'D') 23.727576679451484
(5000, 200, 0.01, 0.001, 0.8) ('weight_decay', 'U') 23.041950761124635
(5000, 200, 0.01, 0.01, 0.8) ('weight_decay', 'D') 23.484875378353703
(5000, 200, 0.01, 0.001, 0.8) ('weight_decay', 'U') 23.037104148099985
(5000, 200, 0.01, 0.01, 0.8) ('weight_decay', 'D') 23.34609009028948
(5000, 200, 0.01, 0.001, 0.8) ('weight_decay', 'U') 22.995412774393888
(5000, 200, 0.01, 0.01, 0.8) ('weight_decay', 'D') 24.545987038885023
(5000, 200, 0.01, 0.001, 0.8) ('weight_decay', 'U') 23.53976814615224
(5000, 200, 0.01, 0.01, 0.8) ('weight_decay', 'D') 24.122848371754852
(5000, 200, 0.01, 0.001, 0.8) ('weight_decay', 'U') 23.497406928754874
(5000, 200, 0.01, 0.01, 0.8) ('weight_decay', 'D') 23.889294312161482
(5000, 200, 0.01, 0.001, 0.8) ('weight_decay', 'D') 12.938359941457271
(5000, 200, 0.01, 1e-05, 0.8) ('weight_decay', 'U') 21.648026000581353
(5000, 200, 0.01, 0.001, 0.8) ('weight_decay', 'U') 23.46714603764348
(5000, 200, 0.01, 0.01, 0.8) ('weight_decay', 'D') 23.75253988794796
(5000, 200, 0.01, 0.001, 0.8) ('weight_decay', 'U') 23.384338225275464
(5000, 200, 0.01, 0.01, 0.8) ('weight_decay', 'D') 23.482484869491962
(5000, 200, 0.01, 0.001, 0.8) ('weight_decay', 'U') 23.21081984586585
(5000, 200, 0.01, 0.01, 0.8) ('weight_decay', 'D') 23.441886539262242
(5000, 200, 0.01, 0.001, 0.8) ('weight_decay', 'U') 23.090557203584314
(5000, 200, 0.01, 0.01, 0.8) ('weight_decay', 'D') 23.3912103418908
(5000, 200, 0.01, 0.001, 0.8) ('weight_decay', 'U') 23.044287753538015
(5000, 200, 0.01, 0.01, 0.8) ('weight_decay', 'D') 23.340557976316152
(5000, 200, 0.01, 0.001, 0.8) ('weight_decay', 'U') 23.012962420919713
(5000, 200, 0.01, 0.01, 0.8) ('weight_decay', 'D') 23.546451252167525
(5000, 200, 0.01, 0.001, 0.8) ('weight_decay', 'U') 23.06536097953821
(5000, 200, 0.01, 0.01, 0.8) ('weight_decay', 'D') 23.678866858255155
(5000, 200, 0.01, 0.001, 0.8) ('weight_decay', 'U') 23.127906830509264
(5000, 200, 0.01, 0.01, 0.8) ('weight_decay', 'D') 25.20791429105277
(5000, 200, 0.01, 0.001, 0.8) ('weight_decay', 'U') 23.60806369843195
(5000, 200, 0.01, 0.01, 0.8) ('weight_decay', 'D') 24.780078750750082
(5000, 200, 0.01, 0.001, 0.8) ('weight_decay', 'U') 23.815434029587827
(5000, 200, 0.01, 0.01, 0.8) ('weight_decay', 'D') 24.52524894138424
(5000, 200, 0.01, 0.001, 0.8) ('weight_decay', 'U') 23.90535608384463
(5000, 200, 0.01, 0.01, 0.8) ('weight_decay', 'D') 24.55192543234825
(5000, 200, 0.01, 0.001, 0.8) ('weight_decay', 'U') 23.963518993621786
(5000, 200, 0.01, 0.01, 0.8) ('weight_decay', 'D') 24.38756008354555
(5000, 200, 0.01, 0.001, 0.8) ('weight_decay', 'U') 23.960774222852315
(5000, 200, 0.01, 0.01, 0.8) ('weight_decay', 'D') 25.058562361805507
(5000, 200, 0.01, 0.001, 0.8) ('weight_decay', 'U') 24.167814067921498
(5000, 200, 0.01, 0.01, 0.8) ('weight_decay', 'D') 24.7797465850152
(5000, 200, 0.01, 0.001, 0.8) ('weight_decay', 'U') 24.204785603808595
(5000, 200, 0.01, 0.01, 0.8) ('weight_decay', 'D') 25.759191141453186
(5000, 200, 0.01, 0.001, 0.8) ('weight_decay', 'U') 24.485656393781955
(5000, 200, 0.01, 0.01, 0.8) ('weight_decay', 'D') 25.35652595516926
(5000, 200, 0.01, 0.001, 0.8) ('weight_decay', 'U') 24.522671784957815
(5000, 200, 0.01, 0.01, 0.8) ('weight_decay', 'D') 25.58144015071988
(5000, 200, 0.01, 0.001, 0.8) ('weight_decay', 'U') 24.575088827913767
(5000, 200, 0.01, 0.01, 0.8) ('weight_decay', 'D') 25.769828664112907
(5000, 200, 0.01, 0.001, 0.8) ('weight_decay', 'U') 24.642630271012138
(5000, 200, 0.01, 0.01, 0.8) ('weight_decay', 'D') 25.668435230755154
(5000, 200, 0.01, 0.001, 0.8) ('weight_decay', 'U') 24.683746305150304
(5000, 200, 0.01, 0.01, 0.8) ('weight_decay', 'D') 25.57535274677728
(5000, 200, 0.01, 0.001, 0.8) ('weight_decay', 'U') 24.721326295396114
(5000, 200, 0.01, 0.01, 0.8) ('weight_decay', 'D') 25.495682151649458
(5000, 200, 0.01, 0.001, 0.8) ('weight_decay', 'U') 24.74338627399318
(5000, 200, 0.01, 0.01, 0.8) ('weight_decay', 'D') 25.42756226449503
(5000, 200, 0.01, 0.001, 0.8) ('weight_decay', 'U') 24.765488381345587
(5000, 200, 0.01, 0.01, 0.8) ('weight_decay', 'D') 25.638816897316545
(5000, 200, 0.01, 0.001, 0.8) ('weight_decay', 'U') 24.797086420313853
(5000, 200, 0.01, 0.01, 0.8) ('weight_decay', 'D') 25.56640691533206
(5000, 200, 0.01, 0.001, 0.8) ('weight_decay', 'U') 24.811652209101847
(5000, 200, 0.01, 0.01, 0.8) ('weight_decay', 'D') 25.802614131386893
(5000, 200, 0.01, 0.001, 0.8) ('weight_decay', 'U') 24.861126151503882
(5000, 200, 0.01, 0.01, 0.8) ('weight_decay', 'D') 25.765806049686944
(5000, 200, 0.01, 0.001, 0.8) ('weight_decay', 'U') 24.890645687714333
(5000, 200, 0.01, 0.01, 0.8) ('weight_decay', 'D') 25.703892670366027
(5000, 200, 0.01, 0.001, 0.8) ('weight_decay', 'U') 24.91490876350962
(5000, 200, 0.01, 0.01, 0.8) ('weight_decay', 'D') 25.871847271873555
(5000, 200, 0.01, 0.001, 0.8) ('weight_decay', 'U') 24.946810409874825
(20000, 10, 1e-06, 0.001, 0.3) ('n_epochs', 'U') -2.0325786455690125
(20000, 100, 1e-06, 0.001, 0.3) ('batch_size', 'U') -2.6131285066035868
(30000, 100, 1e-06, 0.001, 0.3) ('dropout_param', 'U') -2.192847461566659
(30000, 100, 1e-06, 0.001, 0.5) ('lr', 'U') -2.2993467856143592
(30000, 100, 0.0001, 0.001, 0.5) ('n_epochs', 'U') -1.9463708972970761
(30000, 150, 0.0001, 0.001, 0.5) ('lr', 'D') -1.7965995966147252
(30000, 150, 1e-06, 0.001, 0.5) ('dropout_param', 'D') -3.336225093388334
(30000, 150, 1e-06, 0.001, 0.3) ('n_epochs', 'U') -1.8525462646270947
(30000, 200, 1e-06, 0.001, 0.3) ('n_epochs', 'U') -1.642323860369907
(30000, 250, 1e-06, 0.001, 0.3) ('batch_size', 'D') -4.642879143382811
(20000, 250, 1e-06, 0.001, 0.3) ('dropout_param', 'U') -2.4140915185035072
(20000, 250, 1e-06, 0.001, 0.5) ('batch_size', 'U') -4.642856174483466
(30000, 250, 1e-06, 0.001, 0.5) ('batch_size', 'D') -3.224470005749268
(20000, 250, 1e-06, 0.001, 0.5) ('batch_size', 'D') -4.73978991019435
(10000, 250, 1e-06, 0.001, 0.5) ('weight_decay', 'D') -1.8635844162039095
(10000, 250, 1e-06, 1e-05, 0.5) ('batch_size', 'U') -2.341125480823054
(20000, 250, 1e-06, 1e-05, 0.5) ('dropout_param', 'D') -1.66291875805699
(20000, 250, 1e-06, 1e-05, 0.3) ('n_epochs', 'S') -3.7222959594299603
(20000, 250, 1e-06, 1e-05, 0.3) ('dropout_param', 'U') -1.7947977620873319
(20000, 250, 1e-06, 1e-05, 0.5) ('batch_size', 'D') -2.6604678404010427
(10000, 250, 1e-06, 1e-05, 0.5) ('n_epochs', 'D') -1.818080042950247
(10000, 200, 1e-06, 1e-05, 0.5) ('weight_decay', 'D') -1.781164661976776
(10000, 200, 1e-06, 1e-08, 0.5) ('batch_size', 'U') -5.427930483174126
(20000, 200, 1e-06, 1e-08, 0.5) ('n_epochs', 'S') -2.9007613343926284
(20000, 200, 1e-06, 1e-08, 0.5) ('batch_size', 'U') -2.69060493633727
(30000, 200, 1e-06, 1e-08, 0.5) ('n_epochs', 'S') -0.5187723032956
(30000, 200, 1e-06, 1e-08, 0.5) ('lr', 'U') -1.9529504807067872
(30000, 200, 0.0001, 1e-08, 0.5) ('n_epochs', 'S') -1.886234173108535
(30000, 200, 0.0001, 1e-08, 0.5) ('weight_decay', 'U') -0.4600018175159426
(30000, 200, 0.0001, 1e-05, 0.5) ('n_epochs', 'S') -2.209552381730217
(30000, 200, 0.0001, 1e-05, 0.5) ('n_epochs', 'U') -0.9321039139631195
(30000, 250, 0.0001, 1e-05, 0.5) ('weight_decay', 'U') -1.513545529271068
(30000, 250, 0.0001, 0.001, 0.5) ('dropout_param', 'U') -0.6036112376268483
(30000, 250, 0.0001, 0.001, 0.8) ('dropout_param', 'D') -1.143964801657654
(30000, 250, 0.0001, 0.001, 0.5) ('lr', 'D') -2.3725240949799917
(30000, 250, 1e-06, 0.001, 0.5) ('weight_decay', 'U') -1.1681018168372161
(30000, 250, 1e-06, 0.01, 0.5) ('weight_decay', 'D') -0.6057616234830845
(30000, 250, 1e-06, 0.001, 0.5) ('n_epochs', 'S') -0.6729395851088475
(30000, 250, 1e-06, 0.001, 0.5) ('dropout_param', 'U') -1.0172636995963713
(30000, 250, 1e-06, 0.001, 0.8) ('dropout_param', 'D') -0.7223296285571315
(30000, 250, 1e-06, 0.001, 0.5) ('lr', 'U') -0.48126303305141027
(30000, 250, 0.0001, 0.001, 0.5) ('lr', 'U') 17.40219507217394
(30000, 250, 0.01, 0.001, 0.5) ('batch_size', 'D') 24.159573650359974
(20000, 250, 0.01, 0.001, 0.5) ('weight_decay', 'D') 1.6116641700930168
(20000, 250, 0.01, 1e-05, 0.5) ('n_epochs', 'S') 14.794193840026722
(20000, 250, 0.01, 1e-05, 0.5) ('n_epochs', 'S') 19.977262673377727
(20000, 250, 0.01, 1e-05, 0.5) ('n_epochs', 'S') 24.108372907995786
(20000, 250, 0.01, 1e-05, 0.5) ('n_epochs', 'S') 32.9090473171378
(20000, 250, 0.01, 1e-05, 0.5) ('n_epochs', 'S') 32.74168760545479
(20000, 250, 0.01, 1e-05, 0.5) ('n_epochs', 'S') 32.56581027445658
(20000, 250, 0.01, 1e-05, 0.5) ('n_epochs', 'S') 37.439509552224415
(20000, 250, 0.01, 1e-05, 0.5) ('n_epochs', 'S') 38.756807900151905
(20000, 250, 0.01, 1e-05, 0.5) ('n_epochs', 'S') 44.50001880807777
(20000, 250, 0.01, 1e-05, 0.5) ('n_epochs', 'S') 49.98041338527049
(20000, 250, 0.01, 1e-05, 0.5) ('n_epochs', 'S') 51.75028850239296
(20000, 250, 0.01, 1e-05, 0.5) ('n_epochs', 'S') 59.98134265798076
(20000, 250, 0.01, 1e-05, 0.5) ('n_epochs', 'S') 63.59301225047181
(20000, 250, 0.01, 1e-05, 0.5) ('n_epochs', 'S') 65.43621761069048
(20000, 250, 0.01, 1e-05, 0.5) ('n_epochs', 'S') 69.50071774252613
(20000, 250, 0.01, 1e-05, 0.5) ('n_epochs', 'S') 73.17630561683005
(20000, 250, 0.01, 1e-05, 0.5) ('n_epochs', 'S') 75.3871694287262
(20000, 250, 0.01, 1e-05, 0.5) ('n_epochs', 'S') 80.9530367110562
(20000, 250, 0.01, 1e-05, 0.5) ('n_epochs', 'S') 82.4845221052145
(20000, 250, 0.01, 1e-05, 0.5) ('n_epochs', 'S') 85.69337691996799
(20000, 250, 0.01, 1e-05, 0.5) ('n_epochs', 'S') 87.2787481510866
(20000, 250, 0.01, 1e-05, 0.5) ('n_epochs', 'S') 94.27520953364811
(20000, 250, 0.01, 1e-05, 0.5) ('n_epochs', 'S') 97.4944222262146
(20000, 250, 0.01, 1e-05, 0.5) ('n_epochs', 'S') 107.45079909426782
(20000, 250, 0.01, 1e-05, 0.5) ('n_epochs', 'S') 106.0476271385239
(20000, 250, 0.01, 1e-05, 0.5) ('n_epochs', 'S') 105.68313286236636
(20000, 250, 0.01, 1e-05, 0.5) ('n_epochs', 'S') 118.18690755217004
(20000, 250, 0.01, 1e-05, 0.5) ('n_epochs', 'S') 121.19407220060616
(20000, 250, 0.01, 1e-05, 0.5) ('n_epochs', 'S') 122.90997507099664
(20000, 250, 0.01, 1e-05, 0.5) ('n_epochs', 'S') 121.47224061705711
(20000, 250, 0.01, 1e-05, 0.5) ('n_epochs', 'S') 131.03712132893764
(20000, 250, 0.01, 1e-05, 0.5) ('n_epochs', 'S') 130.91864693826582
(20000, 250, 0.01, 1e-05, 0.5) ('n_epochs', 'S') 131.77291667583398
(20000, 250, 0.01, 1e-05, 0.5) ('n_epochs', 'S') 131.74547508897578
(20000, 250, 0.01, 1e-05, 0.5) ('n_epochs', 'S') 133.04991728826843
(20000, 250, 0.01, 1e-05, 0.5) ('n_epochs', 'S') 134.0201309395895
(20000, 250, 0.01, 1e-05, 0.5) ('n_epochs', 'S') 136.03793273545307
(20000, 250, 0.01, 1e-05, 0.5) ('n_epochs', 'S') 135.49124449287172
(20000, 250, 0.01, 1e-05, 0.5) ('n_epochs', 'S') 137.88631949370443
(20000, 250, 0.01, 1e-05, 0.5) ('n_epochs', 'S') 138.65836517589898
(20000, 250, 0.01, 1e-05, 0.5) ('n_epochs', 'S') 140.88781810099601
(20000, 250, 0.01, 1e-05, 0.5) ('n_epochs', 'S') 142.8588240902945
(20000, 250, 0.01, 1e-05, 0.5) ('n_epochs', 'S') 144.17725816503344
(20000, 250, 0.01, 1e-05, 0.5) ('n_epochs', 'S') 145.69056376873948
(20000, 250, 0.01, 1e-05, 0.5) ('n_epochs', 'S') 146.59262700214185
(20000, 250, 0.01, 1e-05, 0.5) ('n_epochs', 'S') 148.6656431189927
(20000, 250, 0.01, 1e-05, 0.5) ('n_epochs', 'S') 149.32675053801074
(20000, 250, 0.01, 1e-05, 0.5) ('n_epochs', 'S') 148.79812196567954
(20000, 250, 0.01, 1e-05, 0.5) ('n_epochs', 'S') 148.18616480024485
(20000, 250, 0.01, 1e-05, 0.5) ('n_epochs', 'S') 149.05679575145112
(20000, 250, 0.01, 1e-05, 0.5) ('n_epochs', 'S') 149.1137616811411
(20000, 250, 0.01, 1e-05, 0.5) ('n_epochs', 'S') 150.01796122524394
(20000, 250, 0.01, 1e-05, 0.5) ('n_epochs', 'S') 151.81236509434962
(20000, 250, 0.01, 1e-05, 0.5) ('n_epochs', 'S') 153.03596356245694
(20000, 250, 0.01, 1e-05, 0.5) ('n_epochs', 'S') 153.63558229048203
(20000, 250, 0.01, 1e-05, 0.5) ('n_epochs', 'S') 154.6093215123609
(30000, 10, 1e-06, 0.001, 0.8) ('n_epochs', 'U') -3.963863463795243
(30000, 100, 1e-06, 0.001, 0.8) ('weight_decay', 'U') -1.7535402632921464
(30000, 100, 1e-06, 0.01, 0.8) ('lr', 'U') -3.0272616848773986
(30000, 100, 0.0001, 0.01, 0.8) ('lr', 'D') -4.485913653998921
(30000, 100, 1e-06, 0.01, 0.8) ('n_epochs', 'S') -1.7230531628803343
(30000, 100, 1e-06, 0.01, 0.8) ('dropout_param', 'D') -3.8625082237923767
(30000, 100, 1e-06, 0.01, 0.5) ('weight_decay', 'D') -2.353903198383315
(30000, 100, 1e-06, 0.001, 0.5) ('n_epochs', 'D') -2.406519336285833
(30000, 10, 1e-06, 0.001, 0.5) ('weight_decay', 'D') -1.8575342852784882
(30000, 10, 1e-06, 1e-05, 0.5) ('n_epochs', 'U') -2.8283362088084605
(30000, 100, 1e-06, 1e-05, 0.5) ('n_epochs', 'S') -2.1897579944196335
(30000, 100, 1e-06, 1e-05, 0.5) ('lr', 'U') -3.2738689126677976
(30000, 100, 0.0001, 1e-05, 0.5) ('weight_decay', 'D') -1.6653890868727115
(30000, 100, 0.0001, 1e-08, 0.5) ('dropout_param', 'D') -1.808146524749601
(30000, 100, 0.0001, 1e-08, 0.3) ('n_epochs', 'U') -2.45208357428621
(30000, 150, 0.0001, 1e-08, 0.3) ('lr', 'U') 2.0933805103990797
(30000, 150, 0.01, 1e-08, 0.3) ('weight_decay', 'U') 1.952699218802032
(30000, 150, 0.01, 1e-05, 0.3) ('weight_decay', 'U') 37.23269231796241
(30000, 150, 0.01, 0.001, 0.3) ('n_epochs', 'S') 29.999311046600102
(30000, 150, 0.01, 0.001, 0.3) ('n_epochs', 'S') 57.51340865030241
(30000, 150, 0.01, 0.001, 0.3) ('n_epochs', 'S') 95.30731381358983
(30000, 150, 0.01, 0.001, 0.3) ('n_epochs', 'S') 120.22641048848682
(30000, 150, 0.01, 0.001, 0.3) ('n_epochs', 'S') 155.31034690587845
(30000, 150, 0.01, 0.001, 0.3) ('weight_decay', 'U') 4.496331291198491
(30000, 150, 0.01, 0.01, 0.3) ('lr', 'U') 1.863092532347296
(30000, 150, 0.1, 0.01, 0.3) ('batch_size', 'D') 1.4307013183002
(20000, 150, 0.1, 0.01, 0.3) ('lr', 'D') 14.301263427734241
(20000, 150, 0.01, 0.01, 0.3) ('batch_size', 'U') 2.067597107619471
(30000, 150, 0.01, 0.01, 0.3) ('lr', 'U') 2.1081883430570856
(30000, 150, 0.1, 0.01, 0.3) ('batch_size', 'D') 7.892456534013613
(20000, 150, 0.1, 0.01, 0.3) ('lr', 'D') 28.37433465456143
(20000, 150, 0.01, 0.01, 0.3) ('dropout_param', 'U') 11.793696022033558
(20000, 150, 0.01, 0.01, 0.5) ('dropout_param', 'U') 3.8701525688170055
(20000, 150, 0.01, 0.01, 0.8) ('lr', 'U') 0.9597657777275174
(20000, 150, 0.1, 0.01, 0.8) ('batch_size', 'U') -0.44899939369759556
(30000, 150, 0.1, 0.01, 0.8) ('n_epochs', 'D') 1.1214582510874203
(30000, 100, 0.1, 0.01, 0.8) ('dropout_param', 'D') -0.3762835541177174
(30000, 100, 0.1, 0.01, 0.5) ('lr', 'U') -0.5031958714684115
(30000, 100, 1, 0.01, 0.5) ('n_epochs', 'S') -0.33017249084718037
(30000, 100, 1, 0.01, 0.5) ('n_epochs', 'U') 0.9292802569040276
(30000, 150, 1, 0.01, 0.5) ('dropout_param', 'D') 0.9200359088541695
(30000, 150, 1, 0.01, 0.3) ('n_epochs', 'U') 0.704424116685049
(30000, 200, 1, 0.01, 0.3) ('batch_size', 'D') 0.5721554730757837
(20000, 200, 1, 0.01, 0.3) ('lr', 'D') 1.3284280522519922
(20000, 200, 0.1, 0.01, 0.3) ('weight_decay', 'D') 3.238343334197865
(20000, 200, 0.1, 0.001, 0.3) ('dropout_param', 'U') 1.5969289687170325
(20000, 200, 0.1, 0.001, 0.5) ('batch_size', 'U') 1.5945309996142023
(30000, 200, 0.1, 0.001, 0.5) ('n_epochs', 'S') 1.5314012613822165
(30000, 200, 0.1, 0.001, 0.5) ('n_epochs', 'S') 2.079761043250155
(30000, 200, 0.1, 0.001, 0.5) ('n_epochs', 'S') 2.6801627961798493
(30000, 200, 0.1, 0.001, 0.5) ('n_epochs', 'S') 2.97546734060386
(30000, 200, 0.1, 0.001, 0.5) ('n_epochs', 'S') 3.3258072714384337
(30000, 200, 0.1, 0.001, 0.5) ('n_epochs', 'S') 3.6480038582822014
(30000, 200, 0.1, 0.001, 0.5) ('n_epochs', 'S') 3.983591223426668
(30000, 200, 0.1, 0.001, 0.5) ('n_epochs', 'S') 4.29186509924697
(30000, 200, 0.1, 0.001, 0.5) ('n_epochs', 'S') 4.576029307304102
(30000, 200, 0.1, 0.001, 0.5) ('n_epochs', 'S') 4.855254972392453
(30000, 200, 0.1, 0.001, 0.5) ('n_epochs', 'S') 5.146167788929961
(30000, 200, 0.1, 0.001, 0.5) ('n_epochs', 'S') 5.41619873357157
(30000, 200, 0.1, 0.001, 0.5) ('n_epochs', 'S') 5.712939182914419
(30000, 200, 0.1, 0.001, 0.5) ('n_epochs', 'S') 6.005581946554517
(30000, 200, 0.1, 0.001, 0.5) ('n_epochs', 'S') 6.291726468079679
(30000, 200, 0.1, 0.001, 0.5) ('n_epochs', 'S') 6.555031396772752
(30000, 200, 0.1, 0.001, 0.5) ('n_epochs', 'S') 6.8293033286387015
(30000, 200, 0.1, 0.001, 0.5) ('n_epochs', 'S') 7.119916151556444
(30000, 200, 0.1, 0.001, 0.5) ('n_epochs', 'S') 7.3999090854667235
(30000, 200, 0.1, 0.001, 0.5) ('n_epochs', 'S') 7.674309430547956
(30000, 200, 0.1, 0.001, 0.5) ('n_epochs', 'S') 7.826275025926322
(30000, 200, 0.1, 0.001, 0.5) ('n_epochs', 'S') 8.097742137084406
(30000, 200, 0.1, 0.001, 0.5) ('n_epochs', 'S') 8.352529848730128
(30000, 200, 0.1, 0.001, 0.5) ('n_epochs', 'S') 8.617090234766811
(30000, 200, 0.1, 0.001, 0.5) ('n_epochs', 'S') 8.864211753020385
(30000, 200, 0.1, 0.001, 0.5) ('n_epochs', 'S') 9.061487436907036
(30000, 200, 0.1, 0.001, 0.5) ('n_epochs', 'S') 9.253689747572476
(30000, 200, 0.1, 0.001, 0.5) ('n_epochs', 'S') 9.487956160758303
(30000, 200, 0.1, 0.001, 0.5) ('n_epochs', 'S') 9.555751837479761
(30000, 200, 0.1, 0.001, 0.5) ('n_epochs', 'S') 9.633106557523341
(30000, 200, 0.1, 0.001, 0.5) ('n_epochs', 'S') 9.710099111402283
(30000, 200, 0.1, 0.001, 0.5) ('n_epochs', 'S') 9.789541230679625
(30000, 200, 0.1, 0.001, 0.5) ('n_epochs', 'S') 9.754393191884597
(30000, 200, 0.1, 0.001, 0.5) ('n_epochs', 'S') 9.827269435305915
(30000, 200, 0.1, 0.001, 0.5) ('n_epochs', 'S') 9.890909835046632
(30000, 200, 0.1, 0.001, 0.5) ('n_epochs', 'S') 9.948200103765613
(30000, 200, 0.1, 0.001, 0.5) ('n_epochs', 'S') 9.99520676866931
(30000, 200, 0.1, 0.001, 0.5) ('n_epochs', 'S') 10.057045776721765
(30000, 200, 0.1, 0.001, 0.5) ('n_epochs', 'S') 10.133987854204095
(30000, 200, 0.1, 0.001, 0.5) ('n_epochs', 'S') 10.205880031515685
(30000, 200, 0.1, 0.001, 0.5) ('n_epochs', 'S') 10.278112955371864
(30000, 200, 0.1, 0.001, 0.5) ('n_epochs', 'S') 10.355359106526153
(30000, 200, 0.1, 0.001, 0.5) ('n_epochs', 'S') 10.40583530233271
(30000, 200, 0.1, 0.001, 0.5) ('n_epochs', 'S') 10.48079695532194
(30000, 200, 0.1, 0.001, 0.5) ('n_epochs', 'S') 10.563051175047557
(30000, 200, 0.1, 0.001, 0.5) ('n_epochs', 'S') 10.638903496068309
(30000, 200, 0.1, 0.001, 0.5) ('n_epochs', 'S') 10.715271598683872
(30000, 200, 0.1, 0.001, 0.5) ('n_epochs', 'S') 10.781728497730288
(30000, 200, 0.1, 0.001, 0.5) ('n_epochs', 'S') 10.855566930468191
(30000, 200, 0.1, 0.001, 0.5) ('n_epochs', 'S') 10.934718226007028
(30000, 200, 0.1, 0.001, 0.5) ('n_epochs', 'S') 10.999425619724231
(30000, 200, 0.1, 0.001, 0.5) ('n_epochs', 'S') 11.067298229351263
(30000, 200, 0.1, 0.001, 0.5) ('n_epochs', 'S') 11.140799381817086
(30000, 200, 1, 0.01, 0.3) ('n_epochs', 'D') -1.9233196249043631
(30000, 150, 1, 0.01, 0.3) ('n_epochs', 'S') -1.7705177788699946
(30000, 150, 1, 0.01, 0.3) ('n_epochs', 'D') 0.850691112590714
(30000, 100, 1, 0.01, 0.3) ('weight_decay', 'D') -1.6736043600525452
(30000, 100, 1, 0.001, 0.3) ('batch_size', 'D') -1.710410330441277
(20000, 100, 1, 0.001, 0.3) ('dropout_param', 'U') -1.980108625923739
(20000, 100, 1, 0.001, 0.5) ('dropout_param', 'U') -1.6904015058357222
(20000, 100, 1, 0.001, 0.8) ('n_epochs', 'S') -1.704429874195085
(20000, 100, 1, 0.001, 0.8) ('batch_size', 'U') -1.7415080948240633
(30000, 100, 1, 0.001, 0.8) ('lr', 'D') 1.821916055786792
(30000, 100, 0.1, 0.001, 0.8) ('dropout_param', 'D') 0.10436248820022864
(30000, 100, 0.1, 0.001, 0.5) ('weight_decay', 'D') 2.1055508845009223
(30000, 100, 0.1, 1e-05, 0.5) ('n_epochs', 'S') 12.81225212097144
(30000, 100, 0.1, 1e-05, 0.5) ('n_epochs', 'S') 13.370194485495057
(30000, 100, 0.1, 1e-05, 0.5) ('n_epochs', 'S') 22.379169583745195
(30000, 100, 0.1, 1e-05, 0.5) ('n_epochs', 'S') 34.89608375530235
(30000, 100, 0.1, 1e-05, 0.5) ('n_epochs', 'S') 34.30857921728817
(30000, 100, 0.1, 1e-05, 0.5) ('n_epochs', 'S') 38.35254992207173
(30000, 100, 0.1, 1e-05, 0.5) ('n_epochs', 'S') 37.26268902029447
(30000, 100, 0.1, 1e-05, 0.5) ('n_epochs', 'S') 36.69384746904224
(30000, 100, 0.1, 1e-05, 0.5) ('n_epochs', 'S') 36.267236636365865
(30000, 100, 0.1, 1e-05, 0.5) ('n_epochs', 'S') 39.39104652087124
(30000, 100, 0.1, 1e-05, 0.5) ('n_epochs', 'S') 38.79242191918564
(30000, 100, 0.1, 1e-05, 0.5) ('n_epochs', 'S') 43.263329495474636
(30000, 100, 0.1, 1e-05, 0.5) ('lr', 'U') -1.6930203883062735
(30000, 100, 1, 1e-05, 0.5) ('weight_decay', 'U') -0.483044739854241
(30000, 100, 1, 0.001, 0.5) ('n_epochs', 'U') -0.483038674681056
(30000, 150, 1, 0.001, 0.5) ('n_epochs', 'D') -0.49372932932083335
(30000, 100, 1, 0.001, 0.5) ('n_epochs', 'D') -0.4842425832144719
(30000, 10, 1, 0.001, 0.5) ('weight_decay', 'D') -0.715527516013347
(30000, 10, 1, 1e-05, 0.5) ('dropout_param', 'D') -0.5173444069034061
(30000, 10, 1, 1e-05, 0.3) ('weight_decay', 'U') -25.92221804695519
(30000, 10, 1, 0.001, 0.3) ('batch_size', 'D') -0.6521413060846277
(20000, 10, 1, 0.001, 0.3) ('weight_decay', 'D') -0.5659143873797325
(20000, 10, 1, 1e-05, 0.3) ('lr', 'D') 1.5452336524670707
(20000, 10, 0.1, 1e-05, 0.3) ('batch_size', 'D') 7.645808792114124
(10000, 10, 0.1, 1e-05, 0.3) ('weight_decay', 'D') 1.6434912715901313
(10000, 10, 0.1, 1e-08, 0.3) ('dropout_param', 'U') 4.3577185630797
(10000, 10, 0.1, 1e-08, 0.5) ('lr', 'D') 16.659223175048695
(10000, 10, 0.01, 1e-08, 0.5) ('n_epochs', 'U') 27.140103912353382
(10000, 100, 0.01, 1e-08, 0.5) ('dropout_param', 'U') 31.60926017761217
(10000, 100, 0.01, 1e-08, 0.8) ('batch_size', 'U') 1.4201369875239593
(20000, 100, 0.01, 1e-08, 0.8) ('n_epochs', 'U') 1.472001801827235
(20000, 150, 0.01, 1e-08, 0.8) ('weight_decay', 'U') 1.3788414699367508
(20000, 150, 0.01, 1e-05, 0.8) ('n_epochs', 'D') 1.479781674983768
(20000, 100, 0.01, 1e-05, 0.8) ('weight_decay', 'U') 1.6420832183818583
(20000, 100, 0.01, 0.001, 0.8) ('n_epochs', 'S') 6.018303966522083
(20000, 100, 0.01, 0.001, 0.8) ('n_epochs', 'S') 6.514536491305028
(20000, 100, 0.01, 0.001, 0.8) ('n_epochs', 'S') 7.010577210228002
(20000, 100, 0.01, 0.001, 0.8) ('n_epochs', 'S') 7.50469130989303
(20000, 100, 0.01, 0.001, 0.8) ('n_epochs', 'S') 9.93673620895183
(20000, 100, 0.01, 0.001, 0.8) ('n_epochs', 'S') 15.432039986068936
(20000, 100, 0.01, 0.001, 0.8) ('n_epochs', 'S') 15.60049387187749
(20000, 100, 0.01, 0.001, 0.8) ('n_epochs', 'S') 15.761957055921016
(20000, 100, 0.01, 0.001, 0.8) ('n_epochs', 'S') 18.7575037323392
(20000, 100, 0.01, 0.001, 0.8) ('n_epochs', 'S') 19.6809036351553
(20000, 100, 0.01, 0.001, 0.8) ('n_epochs', 'S') 19.76908197566793
(20000, 100, 0.01, 0.001, 0.8) ('n_epochs', 'S') 19.845056545800446
(20000, 100, 0.01, 0.001, 0.8) ('n_epochs', 'S') 19.93118324749361
(20000, 100, 0.01, 0.001, 0.8) ('n_epochs', 'S') 20.030444711713084
(20000, 100, 0.01, 0.001, 0.8) ('n_epochs', 'S') 22.01979345332979
(20000, 100, 0.01, 0.001, 0.8) ('n_epochs', 'S') 22.096010305707654
(20000, 100, 0.01, 0.001, 0.8) ('n_epochs', 'S') 24.121430788786753
(20000, 100, 0.01, 0.001, 0.8) ('n_epochs', 'S') 24.156764209829017
(20000, 100, 0.01, 0.001, 0.8) ('n_epochs', 'S') 24.202865384811044
(20000, 100, 0.01, 0.001, 0.8) ('n_epochs', 'S') 24.2370955583626
(20000, 100, 0.01, 0.001, 0.8) ('n_epochs', 'S') 24.248996651901717
(20000, 100, 0.01, 0.001, 0.8) ('n_epochs', 'S') 24.28981806490117
(20000, 100, 0.01, 0.001, 0.8) ('n_epochs', 'S') 24.327098897738573
(20000, 100, 0.01, 0.001, 0.8) ('n_epochs', 'S') 24.04704320238887
(20000, 100, 0.01, 0.001, 0.8) ('n_epochs', 'S') 24.092976550019475
(20000, 100, 0.01, 0.001, 0.8) ('n_epochs', 'S') 24.134106175246455
(20000, 100, 0.01, 0.001, 0.8) ('n_epochs', 'S') 24.16533318716517
(20000, 100, 0.01, 0.001, 0.8) ('n_epochs', 'S') 25.46448525036225
(20000, 100, 0.01, 0.001, 0.8) ('n_epochs', 'S') 25.474684540910044
(20000, 100, 0.01, 0.001, 0.8) ('n_epochs', 'S') 26.07511482532827
(20000, 100, 0.01, 0.001, 0.8) ('n_epochs', 'S') 26.07683741238179
(20000, 100, 0.01, 0.001, 0.8) ('n_epochs', 'S') 26.06448205711428
(20000, 100, 0.01, 0.001, 0.8) ('n_epochs', 'S') 26.041762258961445
(20000, 100, 0.01, 0.001, 0.8) ('n_epochs', 'S') 26.04329354072535
(20000, 100, 0.01, 0.001, 0.8) ('n_epochs', 'S') 26.045731107132973
(20000, 100, 0.01, 0.001, 0.8) ('n_epochs', 'S') 26.03569640987975
(20000, 100, 0.01, 0.001, 0.8) ('n_epochs', 'S') 27.204274527256594
(20000, 100, 0.01, 0.001, 0.8) ('n_epochs', 'S') 27.198162864711954
(20000, 100, 0.01, 0.001, 0.8) ('n_epochs', 'S') 27.16917422517452
(20000, 100, 0.01, 0.001, 0.8) ('n_epochs', 'S') 27.165225140110707
(20000, 100, 0.01, 0.001, 0.8) ('n_epochs', 'S') 27.16378509007561
(20000, 100, 0.01, 0.001, 0.8) ('n_epochs', 'S') 27.93059029487423
(20000, 100, 0.01, 0.001, 0.8) ('n_epochs', 'S') 27.860050121109794
(20000, 100, 0.01, 0.001, 0.8) ('n_epochs', 'S') 28.241248623098212
(20000, 100, 0.01, 0.001, 0.8) ('n_epochs', 'S') 28.22664232630276
(20000, 100, 0.01, 0.001, 0.8) ('n_epochs', 'S') 29.511938863206375
(20000, 100, 0.01, 0.001, 0.8) ('n_epochs', 'S') 29.495483666210358
(20000, 100, 0.01, 0.001, 0.8) ('n_epochs', 'S') 29.468502697926652
(20000, 100, 0.01, 0.001, 0.8) ('n_epochs', 'S') 29.450890885883524
(20000, 100, 0.01, 0.001, 0.8) ('n_epochs', 'S') 30.20477044558372
(20000, 100, 0.01, 0.001, 0.8) ('n_epochs', 'S') 30.421597850679994
(20000, 100, 0.01, 0.001, 0.8) ('n_epochs', 'S') 30.38624844426229
(20000, 100, 0.01, 0.001, 0.8) ('n_epochs', 'S') 31.895887274215024
(20000, 100, 0.01, 0.001, 0.8) ('n_epochs', 'S') 31.867643389991283
(30000, 250, 0.1, 1e-05, 0.5) ('n_epochs', 'D') 8.314187602996586
(30000, 200, 0.1, 1e-05, 0.5) ('dropout_param', 'D') 1.2583685684201704
(30000, 200, 0.1, 1e-05, 0.3) ('lr', 'D') 2.1256148926792164
(30000, 200, 0.01, 1e-05, 0.3) ('n_epochs', 'D') 33.05017054439606
(30000, 150, 0.01, 1e-05, 0.3) ('weight_decay', 'U') 169.75719331663825
(30000, 150, 0.01, 0.001, 0.3) ('n_epochs', 'S') 179.21856232920183
(30000, 150, 0.01, 0.001, 0.3) ('n_epochs', 'S') 208.7800340350381
(30000, 150, 0.01, 0.001, 0.3) ('n_epochs', 'S') 230.44680117106367
(30000, 150, 0.01, 0.001, 0.3) ('n_epochs', 'S') 219.84205863751652
(30000, 150, 0.01, 0.001, 0.3) ('n_epochs', 'S') 244.58695572508535
(30000, 150, 0.01, 0.001, 0.3) ('n_epochs', 'S') 234.72720289281727
(30000, 150, 0.01, 0.001, 0.3) ('n_epochs', 'S') 265.7915687399047
(30000, 150, 0.01, 0.001, 0.3) ('n_epochs', 'S') 298.67507961633527
(30000, 150, 0.01, 0.001, 0.3) ('n_epochs', 'S') 310.65802991009525
(30000, 150, 0.01, 0.001, 0.3) ('n_epochs', 'S') 337.11675350600467
(30000, 150, 0.01, 0.001, 0.3) ('n_epochs', 'S') 358.20917154571345
(30000, 150, 0.01, 0.001, 0.3) ('n_epochs', 'S') 363.8690385350184
(30000, 150, 0.01, 0.001, 0.3) ('n_epochs', 'S') 379.9220448571252
(30000, 150, 0.01, 0.001, 0.3) ('n_epochs', 'S') 391.9294089252852
(30000, 150, 0.01, 0.001, 0.3) ('n_epochs', 'S') 401.63637605480557
(30000, 150, 0.01, 0.001, 0.3) ('n_epochs', 'S') 408.26026224940443
(30000, 150, 0.01, 0.001, 0.3) ('n_epochs', 'S') 417.13041703677345
(30000, 150, 0.01, 0.001, 0.3) ('n_epochs', 'S') 425.63682001770746
(30000, 150, 0.01, 0.001, 0.3) ('n_epochs', 'S') 435.08651900146236
(30000, 150, 0.01, 0.001, 0.3) ('n_epochs', 'S') 442.60733515719954
(30000, 150, 0.01, 0.001, 0.3) ('n_epochs', 'S') 449.6487077169901
(30000, 150, 0.01, 0.001, 0.3) ('n_epochs', 'S') 439.05123665635364
(30000, 150, 0.01, 0.001, 0.3) ('n_epochs', 'S') 445.7240460300142
(30000, 150, 0.01, 0.001, 0.3) ('n_epochs', 'S') 435.12561428573144
(30000, 150, 0.01, 0.001, 0.3) ('n_epochs', 'S') 445.0767700406485
(30000, 150, 0.01, 0.001, 0.3) ('n_epochs', 'S') 454.906700841512
(30000, 150, 0.01, 0.001, 0.3) ('weight_decay', 'D') 81.76909256130428
(30000, 150, 0.01, 1e-05, 0.3) ('weight_decay', 'U') 313.89841081795544
(30000, 150, 0.01, 0.001, 0.3) ('weight_decay', 'D') 190.44497320025278
(30000, 150, 0.01, 1e-05, 0.3) ('weight_decay', 'U') 389.0726334220686
(30000, 150, 0.01, 0.001, 0.3) ('n_epochs', 'S') 456.8296003561491
(30000, 150, 0.01, 0.001, 0.3) ('n_epochs', 'S') 453.616276881669
(30000, 150, 0.01, 0.001, 0.3) ('n_epochs', 'S') 463.82846843603704
(30000, 150, 0.01, 0.001, 0.3) ('n_epochs', 'S') 465.47855388242357
(30000, 150, 0.01, 0.001, 0.3) ('n_epochs', 'S') 471.5607157830435
(30000, 150, 0.01, 0.001, 0.3) ('n_epochs', 'S') 483.56096066007376
(30000, 150, 0.01, 0.001, 0.3) ('n_epochs', 'S') 488.9302920703601
(30000, 150, 0.01, 0.001, 0.3) ('n_epochs', 'S') 476.5358294884305
(30000, 150, 0.01, 0.001, 0.3) ('n_epochs', 'S') 481.4808684283436
(30000, 150, 0.01, 0.001, 0.3) ('n_epochs', 'S') 490.83283044413633
(30000, 150, 0.01, 0.001, 0.3) ('dropout_param', 'U') 18.80186269950852
(30000, 150, 0.01, 0.001, 0.5) ('dropout_param', 'D') 253.03310291051906
(30000, 150, 0.01, 0.001, 0.3) ('n_epochs', 'S') 492.5793889669378
(30000, 150, 0.01, 0.001, 0.3) ('batch_size', 'D') 20.759724712371693
(20000, 150, 0.01, 0.001, 0.3) ('dropout_param', 'U') 24.175070858001575
(20000, 150, 0.01, 0.001, 0.5) ('batch_size', 'U') 83.54354218624835
(30000, 150, 0.01, 0.001, 0.5) ('dropout_param', 'D') 332.5793657029991
(30000, 150, 0.01, 0.001, 0.3) ('n_epochs', 'S') 496.70372627727005
(30000, 150, 0.01, 0.001, 0.3) ('n_epochs', 'S') 498.03016651882257
(30000, 150, 0.01, 0.001, 0.3) ('n_epochs', 'S') 502.01659459049813
(30000, 150, 0.01, 0.001, 0.3) ('n_epochs', 'S') 505.37495555781
(30000, 150, 0.01, 0.001, 0.3) ('n_epochs', 'S') 509.7159492092145
(30000, 150, 0.01, 0.001, 0.3) ('n_epochs', 'S') 512.5634622484505
(30000, 150, 0.01, 0.001, 0.3) ('n_epochs', 'S') 515.1762164266316
(30000, 150, 0.01, 0.001, 0.3) ('n_epochs', 'S') 515.4908228597975
(30000, 150, 0.01, 0.001, 0.3) ('n_epochs', 'S') 521.0517601918882
(30000, 150, 0.01, 0.001, 0.3) ('n_epochs', 'S') 520.4912733436057
(30000, 150, 0.01, 0.001, 0.3) ('n_epochs', 'S') 523.595044685346
(30000, 150, 0.01, 0.001, 0.3) ('n_epochs', 'S') 516.1118348720785
(30000, 150, 0.01, 0.001, 0.3) ('n_epochs', 'S') 520.060390102751
(30000, 150, 0.01, 0.001, 0.3) ('n_epochs', 'S') 525.9946331579174
(30000, 150, 0.01, 0.001, 0.3) ('n_epochs', 'S') 531.955912810634
(30000, 150, 0.01, 0.001, 0.3) ('n_epochs', 'S') 532.7110125378165
(30000, 150, 0.01, 0.001, 0.3) ('n_epochs', 'S') 538.9826397348504
(30000, 150, 0.01, 0.001, 0.3) ('n_epochs', 'S') 538.6842670783723
(30000, 150, 0.01, 0.001, 0.3) ('n_epochs', 'S') 543.4062796835248
(30000, 150, 0.01, 0.001, 0.3) ('n_epochs', 'S') 546.4923037324429
(30000, 150, 0.01, 0.001, 0.3) ('n_epochs', 'S') 546.045165701267
(30000, 150, 0.01, 0.001, 0.3) ('n_epochs', 'S') 549.1899541237984
(30000, 150, 0.01, 0.001, 0.3) ('n_epochs', 'S') 555.8522265007841
(30000, 150, 0.01, 0.001, 0.3) ('n_epochs', 'S') 556.8696334209535
(30000, 150, 0.01, 0.001, 0.3) ('n_epochs', 'S') 557.1631212905309
(30000, 150, 0.01, 0.001, 0.3) ('n_epochs', 'S') 558.3555890893821
(30000, 150, 0.01, 0.001, 0.3) ('n_epochs', 'S') 559.8097790089254
(30000, 150, 0.01, 0.001, 0.3) ('n_epochs', 'S') 562.1322902106215
(30000, 150, 0.01, 0.001, 0.3) ('n_epochs', 'S') 563.7560069066935
(30000, 150, 0.01, 0.001, 0.3) ('n_epochs', 'S') 565.6416140601178
(30000, 150, 0.01, 0.001, 0.3) ('n_epochs', 'S') 565.9960865966592
(30000, 150, 0.01, 0.001, 0.3) ('n_epochs', 'S') 567.8465322844339
(30000, 150, 0.01, 0.001, 0.3) ('n_epochs', 'S') 569.741012296199
(30000, 150, 0.01, 0.001, 0.3) ('n_epochs', 'S') 570.2927832135692
(30000, 150, 0.01, 0.001, 0.3) ('n_epochs', 'S') 570.935136150071
(30000, 150, 0.01, 0.001, 0.3) ('n_epochs', 'S') 573.3221835299286
(30000, 150, 0.01, 0.001, 0.3) ('n_epochs', 'S') 574.084870822423
(30000, 150, 0.01, 0.001, 0.3) ('n_epochs', 'S') 575.0308436584048
(30000, 150, 0.01, 0.001, 0.3) ('n_epochs', 'S') 575.1880471328312
(30000, 150, 0.01, 0.001, 0.3) ('n_epochs', 'S') 577.816269208721
(30000, 150, 0.01, 0.001, 0.3) ('n_epochs', 'S') 578.232832851691
(30000, 150, 0.01, 0.001, 0.3) ('n_epochs', 'S') 579.650459848016
(30000, 150, 0.01, 0.001, 0.3) ('n_epochs', 'S') 579.2475273920682
(30000, 150, 0.01, 0.001, 0.3) ('n_epochs', 'S') 580.2235961020011
(30000, 150, 0.01, 0.001, 0.3) ('n_epochs', 'S') 579.1723988711555
(30000, 150, 0.01, 0.001, 0.3) ('n_epochs', 'S') 578.8587006875297
(30000, 150, 0.01, 0.001, 0.3) ('n_epochs', 'S') 579.0880195879616
(30000, 150, 0.01, 0.001, 0.3) ('n_epochs', 'S') 579.4416000664988
(20000, 250, 0.1, 1e-08, 0.8) ('n_epochs', 'D') 2.0645420947614905
(20000, 200, 0.1, 1e-08, 0.8) ('lr', 'D') 5.610886419660876
(20000, 200, 0.01, 1e-08, 0.8) ('n_epochs', 'S') 6.840285069056408
(20000, 200, 0.01, 1e-08, 0.8) ('n_epochs', 'S') 7.208505725610208
(20000, 200, 0.01, 1e-08, 0.8) ('n_epochs', 'S') 7.627003727456804
(20000, 200, 0.01, 1e-08, 0.8) ('n_epochs', 'S') 8.113116901981297
(20000, 200, 0.01, 1e-08, 0.8) ('n_epochs', 'S') 8.568491505618725
(20000, 200, 0.01, 1e-08, 0.8) ('n_epochs', 'S') 8.938387994627023
(20000, 200, 0.01, 1e-08, 0.8) ('n_epochs', 'S') 9.401572648899482
(20000, 200, 0.01, 1e-08, 0.8) ('n_epochs', 'S') 9.700346538703192
(20000, 200, 0.01, 1e-08, 0.8) ('n_epochs', 'S') 10.003441890323861
(20000, 200, 0.01, 1e-08, 0.8) ('n_epochs', 'S') 10.367369392581168
(20000, 200, 0.01, 1e-08, 0.8) ('n_epochs', 'S') 10.598282930666256
(20000, 200, 0.01, 1e-08, 0.8) ('n_epochs', 'S') 10.954522049255205
(20000, 200, 0.01, 1e-08, 0.8) ('n_epochs', 'S') 11.333499062744698
(20000, 200, 0.01, 1e-08, 0.8) ('n_epochs', 'S') 11.52026348443091
(20000, 200, 0.01, 1e-08, 0.8) ('n_epochs', 'S') 11.842044308804114
(20000, 200, 0.01, 1e-08, 0.8) ('n_epochs', 'S') 12.304548420381584
(20000, 200, 0.01, 1e-08, 0.8) ('n_epochs', 'S') 12.584909709332415
(20000, 200, 0.01, 1e-08, 0.8) ('n_epochs', 'S') 12.659241468935043
(20000, 200, 0.01, 1e-08, 0.8) ('n_epochs', 'S') 12.93502665093435
(20000, 200, 0.01, 1e-08, 0.8) ('n_epochs', 'S') 13.317918434600744
(20000, 200, 0.01, 1e-08, 0.8) ('batch_size', 'D') 2.958654109527426
(10000, 200, 0.01, 1e-08, 0.8) ('n_epochs', 'U') 2.4909170309875472
(10000, 250, 0.01, 1e-08, 0.8) ('batch_size', 'D') 2.6884514278378986
(5000, 250, 0.01, 1e-08, 0.8) ('n_epochs', 'D') 2.491678696435441
(5000, 200, 0.01, 1e-08, 0.8) ('weight_decay', 'U') 11.819256166535446
(5000, 200, 0.01, 1e-05, 0.8) ('weight_decay', 'U') 23.345645458337543
(5000, 200, 0.01, 0.001, 0.8) ('n_epochs', 'U') 3.5527578353880505
(5000, 250, 0.01, 0.001, 0.8) ('weight_decay', 'D') 1.4712490807789878
(5000, 250, 0.01, 1e-05, 0.8) ('lr', 'D') -0.40640676681457455
(5000, 250, 0.0001, 1e-05, 0.8) ('weight_decay', 'U') -0.035760581083836396
(5000, 250, 0.0001, 0.001, 0.8) ('dropout_param', 'D') 0.7009883279784489
(5000, 250, 0.0001, 0.001, 0.5) ('lr', 'U') 24.252258872985706
(5000, 250, 0.01, 0.001, 0.5) ('lr', 'U') 1.431907812248069
(5000, 250, 0.1, 0.001, 0.5) ('weight_decay', 'D') 9.575211143493519
(5000, 250, 0.1, 1e-05, 0.5) ('n_epochs', 'S') 11.189602947234974
(5000, 250, 0.1, 1e-05, 0.5) ('n_epochs', 'S') 11.712594387531016
(5000, 250, 0.1, 1e-05, 0.5) ('n_epochs', 'S') 27.17582629984578
(5000, 250, 0.1, 1e-05, 0.5) ('n_epochs', 'S') 26.998470166198544
(5000, 250, 0.1, 1e-05, 0.5) ('n_epochs', 'S') 42.83772626558959
(5000, 250, 0.1, 1e-05, 0.5) ('n_epochs', 'S') 54.81081854367261
(5000, 250, 0.1, 1e-05, 0.5) ('n_epochs', 'S') 54.10526060824927
(5000, 250, 0.1, 1e-05, 0.5) ('n_epochs', 'S') 75.60669498812346
(5000, 250, 0.1, 1e-05, 0.5) ('n_epochs', 'S') 86.73195281865095
(5000, 250, 0.1, 1e-05, 0.5) ('n_epochs', 'S') 85.22599768271095
(5000, 250, 0.1, 1e-05, 0.5) ('n_epochs', 'S') 93.32842812775851
(5000, 250, 0.1, 1e-05, 0.5) ('n_epochs', 'S') 114.43042860620504
(5000, 250, 0.1, 1e-05, 0.5) ('n_epochs', 'S') 122.46644599773924
(5000, 250, 0.1, 1e-05, 0.5) ('n_epochs', 'S') 139.87734716087544
(5000, 250, 0.1, 1e-05, 0.5) ('n_epochs', 'S') 141.24719737902987
(5000, 250, 0.1, 1e-05, 0.5) ('n_epochs', 'S') 151.1466669276522
(5000, 250, 0.1, 1e-05, 0.5) ('n_epochs', 'S') 149.23828736287567
(5000, 250, 0.1, 1e-05, 0.5) ('n_epochs', 'S') 149.32116853110065
(5000, 250, 0.1, 1e-05, 0.5) ('n_epochs', 'S') 156.01641865679008
(5000, 250, 0.1, 1e-05, 0.5) ('n_epochs', 'S') 161.3371907485202
(5000, 250, 0.1, 1e-05, 0.5) ('n_epochs', 'S') 167.88009551470319
(5000, 250, 0.1, 1e-05, 0.5) ('n_epochs', 'S') 170.60338110819717
(5000, 250, 0.1, 1e-05, 0.5) ('n_epochs', 'S') 167.16977375348674
(5000, 250, 0.1, 1e-05, 0.5) ('n_epochs', 'S') 164.72275924023245
(5000, 250, 0.1, 1e-05, 0.5) ('n_epochs', 'S') 167.60301781958543
(5000, 250, 0.1, 1e-05, 0.5) ('n_epochs', 'S') 164.21376633655598
(5000, 250, 0.1, 1e-05, 0.5) ('n_epochs', 'S') 165.2207160342871
(5000, 250, 0.1, 1e-05, 0.5) ('n_epochs', 'S') 172.261479256938
(5000, 250, 0.1, 1e-05, 0.5) ('n_epochs', 'S') 177.6202073862296
(5000, 250, 0.1, 1e-05, 0.5) ('n_epochs', 'S') 183.43016842033353
(5000, 250, 0.1, 1e-05, 0.5) ('n_epochs', 'S') 181.08265895561723
(5000, 250, 0.1, 1e-05, 0.5) ('n_epochs', 'S') 180.05612491997675
(5000, 250, 0.1, 1e-05, 0.5) ('n_epochs', 'S') 176.4790361081972
(5000, 250, 0.1, 1e-05, 0.5) ('n_epochs', 'S') 172.95658521699136
(5000, 250, 0.1, 1e-05, 0.5) ('n_epochs', 'S') 183.59795802687117
(5000, 250, 0.1, 1e-05, 0.5) ('n_epochs', 'S') 181.2492421593024
(5000, 250, 0.1, 1e-05, 0.5) ('n_epochs', 'S') 181.49443747161496
(5000, 250, 0.1, 1e-05, 0.5) ('n_epochs', 'S') 190.81272897457362
(5000, 250, 0.1, 1e-05, 0.5) ('n_epochs', 'S') 192.42616498545053
(5000, 250, 0.1, 1e-05, 0.5) ('n_epochs', 'S') 193.43459471121295
(5000, 250, 0.1, 1e-05, 0.5) ('n_epochs', 'S') 192.92998477552916
(5000, 250, 0.1, 1e-05, 0.5) ('n_epochs', 'S') 193.3378820013097
(5000, 250, 0.1, 1e-05, 0.5) ('n_epochs', 'S') 195.23159088384463
(5000, 250, 0.1, 1e-05, 0.5) ('n_epochs', 'S') 194.99199851933017
(5000, 250, 0.1, 1e-05, 0.5) ('n_epochs', 'S') 194.90845698376475
(5000, 250, 0.1, 1e-05, 0.5) ('n_epochs', 'S') 194.79916671682076
(5000, 250, 0.1, 1e-05, 0.5) ('n_epochs', 'S') 195.9639357414825
(5000, 250, 0.1, 1e-05, 0.5) ('n_epochs', 'S') 197.0822305532841
(5000, 250, 0.1, 1e-05, 0.5) ('n_epochs', 'S') 197.57349586459844
(5000, 250, 0.1, 1e-05, 0.5) ('n_epochs', 'S') 199.40764128658157
(5000, 250, 0.1, 1e-05, 0.5) ('n_epochs', 'S') 201.227251563425
(5000, 250, 0.1, 1e-05, 0.5) ('n_epochs', 'S') 202.93882007855706
(5000, 250, 0.1, 1e-05, 0.5) ('n_epochs', 'S') 202.0563575174535
(5000, 250, 0.1, 1e-05, 0.5) ('n_epochs', 'S') 203.20003977252978
(5000, 250, 0.1, 1e-05, 0.5) ('n_epochs', 'S') 203.68777654647593
(5000, 250, 0.1, 1e-05, 0.5) ('n_epochs', 'S') 202.7979188960345
(5000, 250, 0.1, 1e-05, 0.5) ('n_epochs', 'S') 204.8890046608988
(5000, 250, 0.1, 1e-05, 0.5) ('n_epochs', 'S') 204.81117199568754
(5000, 250, 0.1, 1e-05, 0.5) ('n_epochs', 'S') 206.3575378314183
(5000, 250, 0.1, 1e-05, 0.5) ('n_epochs', 'S') 207.39763858906906
(5000, 250, 0.1, 1e-05, 0.5) ('n_epochs', 'S') 207.77992758728578
(5000, 250, 0.1, 1e-05, 0.5) ('n_epochs', 'S') 209.27950155545895
(5000, 250, 0.1, 1e-05, 0.5) ('n_epochs', 'S') 208.4489634608286
(5000, 250, 0.1, 1e-05, 0.5) ('n_epochs', 'S') 212.62412300906396
(30000, 100, 0.0001, 0.01, 0.5) ('lr', 'U') 7.688194942368908
(30000, 100, 0.01, 0.01, 0.5) ('dropout_param', 'D') 17.729305307388064
(30000, 100, 0.01, 0.01, 0.3) ('n_epochs', 'U') 30.976316379077726
(30000, 150, 0.01, 0.01, 0.3) ('lr', 'U') 7.267502142217555
(30000, 150, 0.1, 0.01, 0.3) ('batch_size', 'D') 25.916029843608683
(20000, 150, 0.1, 0.01, 0.3) ('lr', 'D') 41.49757735869767
(20000, 150, 0.01, 0.01, 0.3) ('dropout_param', 'U') 23.150902882098784
(20000, 150, 0.01, 0.01, 0.5) ('dropout_param', 'U') 15.121652975082144
(20000, 150, 0.01, 0.01, 0.8) ('batch_size', 'U') 1.936564958300785
(30000, 150, 0.01, 0.01, 0.8) ('lr', 'U') -1.1746765361647857
(30000, 150, 0.1, 0.01, 0.8) ('n_epochs', 'D') -1.664094752078248
(30000, 100, 0.1, 0.01, 0.8) ('weight_decay', 'U') -2.345285627536577
(30000, 100, 0.1, 1, 0.8) ('n_epochs', 'U') -2.3000574111724372
(30000, 150, 0.1, 1, 0.8) ('n_epochs', 'U') -2.040568322133013
(30000, 200, 0.1, 1, 0.8) ('n_epochs', 'U') -2.343984110263185
(30000, 250, 0.1, 1, 0.8) ('n_epochs', 'S') -2.459607865010803
(30000, 250, 0.1, 1, 0.8) ('n_epochs', 'D') -2.3597907010351173
(30000, 200, 0.1, 1, 0.8) ('dropout_param', 'D') -2.4984298339061315
(30000, 200, 0.1, 1, 0.5) ('weight_decay', 'D') 1.8247977599091003
(30000, 200, 0.1, 0.01, 0.5) ('batch_size', 'D') 1.6892935682866397
(20000, 200, 0.1, 0.01, 0.5) ('lr', 'D') 2.126708451919907
(20000, 200, 0.01, 0.01, 0.5) ('lr', 'D') -2.6407596569175906
(20000, 200, 0.0001, 0.01, 0.5) ('dropout_param', 'D') -4.847671028808735
(20000, 200, 0.0001, 0.01, 0.3) ('n_epochs', 'D') -1.1411420636498053
(20000, 150, 0.0001, 0.01, 0.3) ('weight_decay', 'D') -1.8096376426322092
(20000, 150, 0.0001, 0.001, 0.3) ('dropout_param', 'U') -1.752153183864253
(20000, 150, 0.0001, 0.001, 0.5) ('n_epochs', 'D') -0.7520162863327058
(20000, 100, 0.0001, 0.001, 0.5) ('lr', 'U') 20.6199518203734
(20000, 100, 0.01, 0.001, 0.5) ('dropout_param', 'D') 25.376851677269595
(20000, 100, 0.01, 0.001, 0.3) ('weight_decay', 'D') 3.0787155825587433
(20000, 100, 0.01, 1e-05, 0.3) ('n_epochs', 'D') 100.05051878835248
(20000, 10, 0.01, 1e-05, 0.3) ('weight_decay', 'U') 216.1742903460197
(20000, 10, 0.01, 0.001, 0.3) ('batch_size', 'D') 225.91476154995865
(10000, 10, 0.01, 0.001, 0.3) ('weight_decay', 'D') 194.65840800007615
(10000, 10, 0.01, 1e-05, 0.3) ('weight_decay', 'D') 21.815620994567738
(10000, 10, 0.01, 1e-08, 0.3) ('weight_decay', 'U') 101.62694522106972
(10000, 10, 0.01, 1e-05, 0.3) ('batch_size', 'U') 192.14135623644148
(20000, 10, 0.01, 1e-05, 0.3) ('weight_decay', 'U') 230.10008565450985
(20000, 10, 0.01, 0.001, 0.3) ('batch_size', 'D') 237.41068844449168
(10000, 10, 0.01, 0.001, 0.3) ('weight_decay', 'D') 207.1174544554812
(10000, 10, 0.01, 1e-05, 0.3) ('batch_size', 'U') 205.91156826133127
(20000, 10, 0.01, 1e-05, 0.3) ('weight_decay', 'U') 240.98425863233365
(20000, 10, 0.01, 0.001, 0.3) ('batch_size', 'D') 253.8417922846442
(10000, 10, 0.01, 0.001, 0.3) ('weight_decay', 'D') 223.98743586265772
(10000, 10, 0.01, 1e-05, 0.3) ('batch_size', 'U') 218.0140180234838
(20000, 10, 0.01, 1e-05, 0.3) ('weight_decay', 'U') 259.3606951746881
(20000, 10, 0.01, 0.001, 0.3) ('batch_size', 'D') 264.58010351964424
(10000, 10, 0.01, 0.001, 0.3) ('weight_decay', 'D') 226.97644384477846
(10000, 10, 0.01, 1e-05, 0.3) ('batch_size', 'U') 232.33820212856847
(20000, 10, 0.01, 1e-05, 0.3) ('weight_decay', 'U') 268.77186517729626
(20000, 10, 0.01, 0.001, 0.3) ('batch_size', 'D') 268.75485166581154
(10000, 10, 0.01, 0.001, 0.3) ('weight_decay', 'D') 238.23602052470193
(10000, 10, 0.01, 1e-05, 0.3) ('batch_size', 'U') 239.58433663006895
(20000, 10, 0.01, 1e-05, 0.3) ('weight_decay', 'U') 273.5968346615772
(20000, 10, 0.01, 0.001, 0.3) ('batch_size', 'D') 275.13935525291276
(10000, 10, 0.01, 0.001, 0.3) ('weight_decay', 'D') 243.3877980706854
(10000, 10, 0.01, 1e-05, 0.3) ('batch_size', 'U') 244.76564359888846
(20000, 10, 0.01, 1e-05, 0.3) ('weight_decay', 'U') 278.1641141462009
(20000, 10, 0.01, 0.001, 0.3) ('batch_size', 'D') 281.54650856996375
(10000, 10, 0.01, 0.001, 0.3) ('weight_decay', 'D') 250.88631227779962
(10000, 10, 0.01, 1e-05, 0.3) ('batch_size', 'U') 250.93776121609304
(20000, 10, 0.01, 1e-05, 0.3) ('weight_decay', 'U') 280.6779525403979
(20000, 10, 0.01, 0.001, 0.3) ('batch_size', 'D') 286.5399551270842
(10000, 10, 0.01, 0.001, 0.3) ('weight_decay', 'D') 257.91399527645876
(10000, 10, 0.01, 1e-05, 0.3) ('batch_size', 'U') 255.98963249911338
(20000, 10, 0.01, 1e-05, 0.3) ('weight_decay', 'U') 287.02184441613315
(20000, 10, 0.01, 0.001, 0.3) ('batch_size', 'D') 290.956969510816
(10000, 10, 0.01, 0.001, 0.3) ('weight_decay', 'D') 265.4390235429876
(10000, 10, 0.01, 1e-05, 0.3) ('batch_size', 'U') 261.34765874911875
(20000, 10, 0.01, 1e-05, 0.3) ('weight_decay', 'U') 284.8539623460285
(20000, 10, 0.01, 0.001, 0.3) ('batch_size', 'D') 299.8563372661263
(10000, 10, 0.01, 0.001, 0.3) ('weight_decay', 'D') 272.525047523761
(10000, 10, 0.01, 1e-05, 0.3) ('batch_size', 'U') 264.48408692082523
(20000, 10, 0.01, 1e-05, 0.3) ('weight_decay', 'U') 291.2112547165265
(20000, 10, 0.01, 0.001, 0.3) ('batch_size', 'D') 303.89970779401233
(10000, 10, 0.01, 0.001, 0.3) ('weight_decay', 'D') 273.14222342693455
(10000, 10, 0.01, 1e-05, 0.3) ('batch_size', 'U') 265.8121945906985
(20000, 10, 0.01, 1e-05, 0.3) ('weight_decay', 'U') 291.5711628561546
(20000, 10, 0.01, 0.001, 0.3) ('batch_size', 'D') 305.537416559872
(10000, 10, 0.01, 0.001, 0.3) ('weight_decay', 'D') 273.8003677383872
(10000, 10, 0.01, 1e-05, 0.3) ('batch_size', 'U') 267.04277829111743
(20000, 10, 0.01, 1e-05, 0.3) ('weight_decay', 'U') 294.39235019386734
(20000, 10, 0.01, 0.001, 0.3) ('batch_size', 'D') 307.82412182252153
(10000, 10, 0.01, 0.001, 0.3) ('weight_decay', 'D') 275.4692378511182
(10000, 10, 0.01, 1e-05, 0.3) ('batch_size', 'U') 268.4264734338779
(20000, 10, 0.01, 1e-05, 0.3) ('weight_decay', 'U') 297.6344932573247
(20000, 10, 0.01, 0.001, 0.3) ('batch_size', 'D') 310.2131354569508
(10000, 10, 0.01, 0.001, 0.3) ('weight_decay', 'D') 278.17293299272524
(10000, 10, 0.01, 1e-05, 0.3) ('batch_size', 'U') 269.9643440900902
(20000, 10, 0.01, 1e-05, 0.3) ('weight_decay', 'U') 300.5550860314173
(20000, 10, 0.01, 0.001, 0.3) ('batch_size', 'D') 311.3051606979999
(10000, 10, 0.01, 0.001, 0.3) ('weight_decay', 'D') 279.5932248055647
(10000, 10, 0.01, 1e-05, 0.3) ('batch_size', 'U') 271.6459945230621
(20000, 10, 0.01, 1e-05, 0.3) ('weight_decay', 'U') 303.63956577197814
(20000, 10, 0.01, 0.001, 0.3) ('batch_size', 'D') 314.11204716545365
(10000, 10, 0.01, 0.001, 0.3) ('weight_decay', 'D') 277.7217559317438
(10000, 10, 0.01, 1e-05, 0.3) ('batch_size', 'U') 273.4351086791376
(20000, 10, 0.01, 1e-05, 0.3) ('weight_decay', 'U') 305.47108537105504
(20000, 10, 0.01, 0.001, 0.3) ('batch_size', 'D') 315.69781401324786
(10000, 10, 0.01, 0.001, 0.3) ('weight_decay', 'D') 279.1099075721146
(30000, 250, 1, 0.01, 0.3) ('weight_decay', 'D') -1.681976417538384
(30000, 250, 1, 0.001, 0.3) ('dropout_param', 'U') -1.8675168426152018
(30000, 250, 1, 0.001, 0.5) ('dropout_param', 'D') -1.7096413415613565
(30000, 250, 1, 0.001, 0.3) ('lr', 'D') 2.146819462971167
(30000, 250, 0.1, 0.001, 0.3) ('weight_decay', 'D') 1.8188230379424364
(30000, 250, 0.1, 1e-05, 0.3) ('weight_decay', 'D') -1.7124254562950436
(30000, 250, 0.1, 1e-08, 0.3) ('lr', 'D') 1.941143502042154
(30000, 250, 0.01, 1e-08, 0.3) ('n_epochs', 'S') 1.874768198865473
(30000, 250, 0.01, 1e-08, 0.3) ('n_epochs', 'S') 6.401399876254177
(30000, 250, 0.01, 1e-08, 0.3) ('n_epochs', 'S') 6.629290053338811
(30000, 250, 0.01, 1e-08, 0.3) ('n_epochs', 'S') 7.378562016851505
(30000, 250, 0.01, 1e-08, 0.3) ('n_epochs', 'S') 8.271428988009873
(30000, 250, 0.01, 1e-08, 0.3) ('n_epochs', 'S') 15.59260552980163
(30000, 250, 0.01, 1e-08, 0.3) ('n_epochs', 'S') 15.947149585134989
(30000, 250, 0.01, 1e-08, 0.3) ('n_epochs', 'S') 16.438260120210227
(30000, 250, 0.01, 1e-08, 0.3) ('n_epochs', 'S') 16.76821242959612
(30000, 250, 0.01, 1e-08, 0.3) ('n_epochs', 'S') 17.203694200251107
(30000, 250, 0.01, 1e-08, 0.3) ('n_epochs', 'S') 17.55083953697575
(30000, 250, 0.01, 1e-08, 0.3) ('n_epochs', 'S') 17.940977453250316
(30000, 250, 0.01, 1e-08, 0.3) ('n_epochs', 'S') 17.60759052962139
(30000, 250, 0.01, 1e-08, 0.3) ('n_epochs', 'S') 17.987932764675723
(30000, 250, 0.01, 1e-08, 0.3) ('n_epochs', 'S') 18.287618267610007
(30000, 250, 0.01, 1e-08, 0.3) ('n_epochs', 'S') 18.31168855111249
(30000, 250, 0.01, 1e-08, 0.3) ('n_epochs', 'S') 18.38987273882686
(30000, 250, 0.01, 1e-08, 0.3) ('n_epochs', 'S') 18.664029840545574
(30000, 250, 0.01, 1e-08, 0.3) ('n_epochs', 'S') 18.858212279029978
(30000, 250, 0.01, 1e-08, 0.3) ('n_epochs', 'S') 18.802058294991106
(30000, 250, 0.01, 1e-08, 0.3) ('n_epochs', 'S') 18.874505803551365
(30000, 250, 0.01, 1e-08, 0.3) ('n_epochs', 'S') 20.8307933354644
(30000, 250, 0.01, 1e-08, 0.3) ('n_epochs', 'S') 20.967249076898817
(30000, 250, 0.01, 1e-08, 0.3) ('n_epochs', 'S') 21.09528464228474
(30000, 250, 0.01, 1e-08, 0.3) ('n_epochs', 'S') 21.225822833607893
(30000, 250, 0.01, 1e-08, 0.3) ('n_epochs', 'S') 21.130449635173356
(30000, 250, 0.01, 1e-08, 0.3) ('n_epochs', 'S') 21.245084706633218
(30000, 250, 0.01, 1e-08, 0.3) ('n_epochs', 'S') 21.33844877746438
(30000, 250, 0.01, 1e-08, 0.3) ('n_epochs', 'S') 21.482658404512403
(30000, 250, 0.01, 1e-08, 0.3) ('n_epochs', 'S') 28.796274679842575
(30000, 250, 0.01, 1e-08, 0.3) ('n_epochs', 'S') 28.69430137583324
(30000, 250, 0.01, 1e-08, 0.3) ('n_epochs', 'S') 28.62597847714858
(30000, 250, 0.01, 1e-08, 0.3) ('n_epochs', 'S') 28.565976314739714
(30000, 250, 0.01, 1e-08, 0.3) ('n_epochs', 'S') 28.3242102755825
(30000, 250, 0.01, 1e-08, 0.3) ('n_epochs', 'S') 28.203441146888736
(30000, 250, 0.01, 1e-08, 0.3) ('n_epochs', 'S') 34.16409751552473
(30000, 250, 0.01, 1e-08, 0.3) ('n_epochs', 'S') 33.98700520817937
(30000, 250, 0.01, 1e-08, 0.3) ('n_epochs', 'S') 33.80386948175807
(30000, 250, 0.01, 1e-08, 0.3) ('n_epochs', 'S') 33.547181919648764
(30000, 250, 0.01, 1e-08, 0.3) ('n_epochs', 'S') 33.33052647615325
(30000, 250, 0.01, 1e-08, 0.3) ('n_epochs', 'S') 33.09335541678064
(30000, 250, 0.01, 1e-08, 0.3) ('n_epochs', 'S') 32.89969569307397
(30000, 250, 0.01, 1e-08, 0.3) ('n_epochs', 'S') 32.75337030184829
(30000, 250, 0.01, 1e-08, 0.3) ('n_epochs', 'S') 32.534903618738205
(30000, 250, 0.01, 1e-08, 0.3) ('n_epochs', 'S') 32.44616297714103
(30000, 250, 0.01, 1e-08, 0.3) ('n_epochs', 'S') 32.288950630730454
(30000, 250, 0.01, 1e-08, 0.3) ('n_epochs', 'S') 32.05839361809828
(30000, 250, 0.01, 1e-08, 0.3) ('n_epochs', 'S') 31.96862118448331
(30000, 250, 0.01, 1e-08, 0.3) ('n_epochs', 'S') 31.851713225120697
(30000, 250, 0.01, 1e-08, 0.3) ('n_epochs', 'S') 31.752612054874202
(30000, 250, 0.01, 1e-08, 0.3) ('n_epochs', 'S') 31.674517589061608
(30000, 250, 0.01, 1e-08, 0.3) ('n_epochs', 'S') 32.21479832757546
(30000, 250, 0.01, 1e-08, 0.3) ('n_epochs', 'S') 32.07376958911637
(30000, 250, 0.01, 1e-08, 0.3) ('n_epochs', 'S') 32.000835586438065
(30000, 250, 0.01, 1e-08, 0.3) ('n_epochs', 'S') 32.43554930996563
(30000, 250, 0.01, 1e-08, 0.3) ('n_epochs', 'S') 32.35690457431782
(30000, 250, 0.01, 1e-08, 0.3) ('n_epochs', 'S') 32.174699305089185
(30000, 250, 0.01, 1e-08, 0.3) ('n_epochs', 'S') 32.05976516526068
(30000, 250, 0.01, 1e-08, 0.3) ('n_epochs', 'S') 31.870655985690956
(30000, 250, 0.01, 1e-08, 0.3) ('n_epochs', 'S') 31.801013278522788
(30000, 250, 0.01, 1e-08, 0.3) ('n_epochs', 'S') 31.692796200566278
(30000, 250, 0.01, 1e-08, 0.3) ('n_epochs', 'S') 31.595723388486658
(30000, 250, 0.01, 1e-08, 0.3) ('n_epochs', 'S') 31.48394467476764
(30000, 250, 0.01, 1e-08, 0.3) ('n_epochs', 'S') 31.389474015204815
(30000, 250, 0.01, 1e-08, 0.3) ('n_epochs', 'S') 31.214240920731356
(30000, 250, 0.01, 1e-08, 0.3) ('n_epochs', 'S') 31.31617911279799
(30000, 250, 0.01, 1e-08, 0.3) ('n_epochs', 'S') 31.23784630650468
(30000, 250, 0.01, 1e-08, 0.3) ('n_epochs', 'S') 31.17032014030375
(30000, 250, 0.01, 1e-08, 0.3) ('n_epochs', 'S') 31.14556219794074
(30000, 250, 0.01, 1e-08, 0.3) ('n_epochs', 'S') 31.089318021920878
(30000, 250, 0.01, 1e-08, 0.3) ('n_epochs', 'S') 31.069294495429443
(30000, 250, 0.01, 1e-08, 0.3) ('n_epochs', 'S') 31.022544967767153
(30000, 250, 0.01, 1e-08, 0.3) ('n_epochs', 'S') 31.000937607191737
(30000, 250, 0.01, 1e-08, 0.3) ('n_epochs', 'S') 30.96029072416299
(30000, 250, 0.01, 1e-08, 0.3) ('n_epochs', 'S') 30.909780811424934
(30000, 250, 0.01, 1e-08, 0.3) ('n_epochs', 'S') 30.882733125693978
(30000, 250, 0.01, 1e-08, 0.3) ('n_epochs', 'S') 30.78259068122637
(30000, 250, 0.01, 1e-08, 0.3) ('n_epochs', 'S') 31.23017919266396
(30000, 250, 0.01, 1e-08, 0.3) ('n_epochs', 'S') 31.199975520124863
(30000, 250, 0.01, 1e-08, 0.3) ('n_epochs', 'S') 31.161894704310427
(30000, 250, 0.01, 1e-08, 0.3) ('n_epochs', 'S') 31.136118742697636
(30000, 250, 0.01, 1e-08, 0.3) ('n_epochs', 'S') 31.09110610819787
(30000, 250, 0.01, 1e-08, 0.3) ('n_epochs', 'S') 31.061185663988542
(30000, 250, 0.01, 1e-08, 0.3) ('n_epochs', 'S') 31.030125780249477
(30000, 250, 0.01, 1e-08, 0.3) ('n_epochs', 'S') 31.007175152665138
(30000, 250, 0.01, 1e-08, 0.3) ('n_epochs', 'S') 30.98340110608136
(30000, 250, 0.01, 1e-08, 0.3) ('n_epochs', 'S') 30.9564983811704
(30000, 250, 0.01, 1e-08, 0.3) ('n_epochs', 'S') 30.92327720830412
(30000, 250, 0.01, 1e-08, 0.3) ('n_epochs', 'S') 30.897555593711022
(30000, 250, 0.01, 1e-08, 0.3) ('n_epochs', 'S') 30.8757510905847
(30000, 250, 0.01, 1e-08, 0.3) ('n_epochs', 'S') 30.856898286476397
(30000, 250, 0.01, 1e-08, 0.3) ('n_epochs', 'S') 30.802399515182408
(30000, 250, 0.01, 1e-08, 0.3) ('n_epochs', 'S') 30.76025852886848
