(20000, 10, 1e-06, 0.01, 0.5) ('batch_size', 'D') -3.6243024338221614
(20000, 10, 0.0001, 0.01, 0.8) ('weight_decay', 'U') -2.3236927965958554
(10000, 200, 0.1, 0.01, 0.8) ('batch_size', 'D') -0.3588888586999657
(30000, 250, 0.01, 1, 0.3) ('lr', 'D') -2.184007516425864
(5000, 200, 0.01, 0.001, 0.8) ('weight_decay', 'U') 1.6409947815437969
(30000, 200, 1e-06, 0.01, 0.8) ('batch_size', 'D') -1.7338037734023426
(10000, 10, 0.01, 1, 0.3) ('n_epochs', 'S') -2.2254561329721527
(20000, 150, 0.1, 0.01, 0.3) ('dropout_param', 'U') 1.858383060829345
(20000, 10, 0.1, 1e-05, 0.3) ('weight_decay', 'U') 1.85586388397198
(20000, 150, 1e-06, 0.01, 0.8) ('batch_size', 'D') -2.4919278818298682
(5000, 200, 1e-06, 1e-05, 0.3) ('weight_decay', 'D') -2.0517720783483613
(30000, 200, 0.01, 1, 0.8) ('dropout_param', 'D') -2.1178853030547184
(5000, 150, 1, 1, 0.3) ('n_epochs', 'D') -2.1169988413916103
(30000, 200, 0.1, 0.01, 0.5) ('n_epochs', 'U') 1.7392937705202183
(5000, 150, 1e-06, 1e-08, 0.5) ('n_epochs', 'U') -2.1218849755294547
(10000, 10, 1, 1, 0.3) ('dropout_param', 'U') -2.159459255206652
(5000, 200, 0.1, 1, 0.8) ('dropout_param', 'D') -2.2091223686397736
(10000, 10, 1, 0.001, 0.5) ('batch_size', 'U') -2.870393624836086
(5000, 100, 0.1, 0.01, 0.8) ('n_epochs', 'D') 0.022372513625665613
(20000, 200, 0.01, 0.001, 0.8) ('lr', 'U') 1.3928355729106778
(10000, 10, 1, 0.01, 0.3) ('dropout_param', 'U') 0.223143511547926
(10000, 10, 1, 0.001, 0.8) ('weight_decay', 'U') -1.591357925133725
(5000, 10, 0.0001, 0.001, 0.3) ('weight_decay', 'D') -0.8816129867010967
(20000, 250, 1e-06, 1e-05, 0.3) ('lr', 'U') -1.66949690770037
(30000, 200, 0.01, 0.001, 0.3) ('weight_decay', 'U') 1.9815679215739868
